1.0
1.0
1.0
1.0
1.0
1.0
1.0
1.0
1.1239193083573487
1.0
1.0
1.0
1.0
1.0
0.9938144329896907
1.0
0.9956896551724138
1.0
1.0
1.0
1.0553745928338762
1.032544378698225
1.0
1.0
1.0
1.0
1.0
1.0
1.0
1.0
1.0
1.0
1.0
1.0
1.0
1.0
1.0
0.9956896551724138
1.0
0.9386792452830188
1.0
1.0
1.0
1.0
1.0
1.0
1.0
1.0
1.0
1.0
1.0
1.0
1.0
1.0
1.0
1.0
0.9979633401221996
1.0
1.0
1.0
1.0
1.0
1.0
1.0
1.0
1.0
0.9956896551724138
1.0
1.0
1.0
1.0
1.0
1.0
1.0
1.0
1.0
1.0
1.0
1.0
1.0
0.9956896551724138
1.0
1.0
1.0
1.0
1.0
1.0
1.0
1.0
1.0
1.0
1.0
1.0
1.0
1.0
1.0
1.0
1.0
1.0
1.0
0.9881656804733728
1.0
1.0
0.9752066115702479
1.0084388185654007
1.0
1.0
1.0
1.0
1.0
1.0
1.0
1.0
1.0
1.0
1.0390070921985815
0.9799498746867168
0.9910714285714286
0.9838187702265372
1.0
1.0
1.0041322314049588
1.0
1.0
1.0
1.0
1.0
1.0
1.0
1.0
1.0
1.0
1.0
1.0
0.9848866498740554
1.0
0.9838187702265372
1.0
1.0
1.0
0.9634551495016611
1.0
1.0
1.0
0.9938144329896907
1.0
1.0
1.0
1.0
1.0
1.0
1.0
1.0
0.9881656804733728
1.0
1.0
0.9752066115702479
0.9755102040816327
1.0
1.0
1.0
1.0
1.0
1.0
0.9956896551724138
1.0
1.0
1.0
1.0
1.0
1.0
1.0
1.0
1.0
1.0
1.0
0.9956896551724138
1.0
1.0
1.0
1.0
1.0
1.0
1.0
1.0
1.0
1.0
1.0
1.0
1.0
1.0
1.0
1.0
1.0
1.0
0.9889807162534435
1.0
1.0379310344827586
1.0
1.0
1.0
1.0
1.0
1.0
1.0
1.0
1.0
1.0
0.9889807162534435
1.0
1.0379310344827586
1.0
1.0
1.0
1.0
1.0
0.9956896551724138
1.0
1.0
1.0
1.0
1.0
0.9973753280839895
1.0
1.0
1.0
1.0
1.0
1.0
1.0
1.0
0.9956896551724138
1.0
1.0
1.0
1.0
0.967948717948718
1.0
1.0
1.0
1.0
1.0
0.9892183288409704
1.0
1.0
0.9956896551724138
1.0
1.0
1.0
1.0
0.967948717948718
1.0
1.0
1.0
1.0
1.0
0.9892183288409704
1.0
1.0
0.9956896551724138
1.0
1.0
1.0
1.0
0.967948717948718
1.0
0.9906542056074766
1.0
1.0
1.0
1.0
1.0
1.0
0.9956896551724138
1.0
1.0
1.0
1.0
0.967948717948718
1.0
1.0
1.0
1.0
1.0
1.0
1.0
1.0
1.0
1.0
1.0
1.0
1.0
1.0
1.0
1.0
1.0
1.0
1.0
1.0341880341880343
1.0
1.0
1.0
1.0
0.9956896551724138
1.0
1.0
1.0
1.0
1.0
1.0
1.0
1.0
1.0
1.0
1.0341880341880343
1.0
1.0
1.0
1.0
0.9956896551724138
1.0
1.0
1.0
1.0
1.0
1.0
1.0
1.0
1.0
1.0
1.0341880341880343
1.0
1.0
1.0
1.0
1.0
1.0
1.0
1.0
1.0
1.0
1.0
1.0
1.0
1.0
1.0341880341880343
1.0
1.0
0.9938144329896907
1.0
0.9956896551724138
1.0
1.0
1.0
1.0
1.0
1.0
1.0
1.0
1.0
1.0
1.0341880341880343
1.2160356347438752
0.9938144329896907
1.0
0.9956896551724138
1.0
1.0
0.9691943127962085
0.9605911330049262
1.0
1.0
1.0
0.9924812030075187
1.0
1.0
0.9945652173913043
1.0
1.0
1.0
1.0
1.0
0.9956896551724138
1.0
1.0
1.0
1.0
1.0
1.0
1.0
0.9924812030075187
1.0
1.0
1.0
1.0
1.0
1.0
0.9938144329896907
1.0
0.9956896551724138
1.0
1.0
0.9691943127962085
0.9605911330049262
1.0
1.0
1.0
0.9924812030075187
1.0
1.0
0.9945652173913043
1.0
1.0
1.0
1.0
1.0
1.0
1.0
1.0
1.0
1.0
1.0
1.0
1.0
1.0
0.9922480620155039
1.0
1.0
1.0
1.0
1.0
1.0
1.0
1.0
1.0
1.0
1.0
1.0
1.0
1.0
1.0
1.0
0.9985294117647059
1.0
1.0
1.0
1.0
1.0
1.0
1.0
1.0
1.0
1.0
1.0
1.0
1.0
1.0
1.0
1.0
1.0
1.0
1.0
1.0
1.0
1.0
1.0
1.0
1.0
1.0
1.0
1.0
1.0
1.0
1.0
1.0
1.0
1.0
1.0
1.0
1.0
1.0
1.0
1.0
1.0
1.0
1.0
1.0
1.0
1.0
1.0
1.0
0.9788732394366197
0.9938144329896907
1.0
1.0
1.0
1.0
1.0
1.0
0.9900990099009901
1.0
1.0
1.0
0.9754098360655737
1.0
1.0
1.0
1.0
1.0
1.0
1.0
1.0
0.9634831460674157
1.0
1.0
1.0
1.0
1.0
1.0
1.0
1.0
1.0
0.9656084656084656
1.0
0.9751243781094527
1.0
1.0
1.0
1.0
1.0
1.0
1.0
1.0
1.0
1.0
1.0
1.0
1.0
1.0
1.0
1.0
1.0
1.0
1.0
0.9948586118251928
0.9917355371900827
1.0
1.0
1.0
1.0
1.0
1.0
1.0
1.0
1.0
1.0
1.0
1.0
1.0
1.0
1.0
1.0
1.0
1.0
1.0
1.0
1.0
1.0
1.0
1.0
1.0
1.0
1.0
1.0
0.9956896551724138
1.0
1.0
1.0
1.0
1.0
1.0
1.0
1.0
1.0
1.0
1.0
1.0
1.0
1.0
1.0
1.0
1.0
1.0
1.0
1.0
1.0
1.0
1.0
0.9887323943661972
1.0
1.0
1.0
1.0
1.0
1.0
1.0
1.0
1.0
1.0062240663900415
1.0
1.0
1.0
1.0
1.0
1.0
0.9887323943661972
1.0
1.0
1.0
1.0
1.0
1.0
1.0
1.0
1.0
1.0062240663900415
1.0
1.0
1.0
1.0
1.0
1.0
0.9887323943661972
1.0
1.0
1.0
1.0
1.0
1.0
1.0
1.0
1.0
1.0
1.0
1.0
1.0
1.0
1.0
1.0
1.0
1.0
1.0
0.993421052631579
1.0
1.0
1.0
1.0
1.0
1.0
1.0
1.0
1.0
1.0
1.0
0.9956896551724138
1.0
1.0
1.0
1.0
1.0
1.0
1.0
1.0413223140495869
1.0
1.0
1.0
1.0
1.0
1.0
1.0
1.0
1.0
1.0
1.0
1.0
1.0
1.0
1.0
1.0
1.0
1.0
1.0
1.0
1.0
1.0
1.0
1.0
1.0
1.0
1.0
1.0
1.0
1.0
1.0
1.0
1.0
1.0
1.0
1.0
1.0
1.0
1.0
1.0
1.0
1.0
1.0
1.0
1.0
1.0
1.0
1.0
1.0
0.9818181818181818
1.0
1.0
1.0
1.0
1.0
1.0
1.0
1.0
1.0
1.0
1.0
1.0
1.0
1.0
0.9719101123595506
0.9941690962099126
1.0
1.0
1.0
1.0
1.0
1.0
1.0
1.0
0.9938144329896907
1.0
0.9956896551724138
1.0
1.0
0.9630541871921182
1.0
1.0
1.0
1.0
1.0
1.0
1.0
1.0
1.0
1.0
1.0
1.0
1.0
1.0
1.0
1.0
1.0
1.0
1.0
1.0
1.0
1.0
1.0
1.0
0.990632318501171
1.0
1.0
1.0
1.0
1.0
1.0
1.0
1.0
1.0
1.0
1.0
1.0
1.0
1.0
1.0
1.0
1.0
1.0
0.990632318501171
1.0
1.0
1.0
1.0
1.0
1.0
1.0
1.0
1.0
1.0
1.0
1.0
1.0
0.9893390191897654
1.0
1.0
1.0
1.0
1.0
1.0
1.0
1.0
1.0
1.0
1.0
0.9938144329896907
0.9384615384615385
1.0
1.0
1.0
0.9632352941176471
1.0
1.0
1.0
1.0
1.0
1.0
1.0
0.9788732394366197
1.0
1.0
1.0
1.0
1.0
1.0
0.9956896551724138
1.0
1.0
1.0
1.0
1.0
1.0
1.0
1.0
1.0
1.0
1.0
1.0
1.0
1.0
1.0
1.0
0.9938144329896907
1.0
1.0
1.0
1.0
1.0
1.0
1.0
1.0
1.0
1.0
1.0
0.9750889679715302
1.0
1.0
1.0
1.0
1.0
0.9938144329896907
1.0
1.0
1.0
1.0
1.0
1.0
1.0
1.0
1.0
1.0
0.9625668449197861
1.0
1.0
0.997946611909651
0.9634551495016611
1.0
1.0
1.0
1.0
1.0
1.0
1.0
1.0
1.0
1.0
1.0
1.0
1.0
1.0
0.9625668449197861
1.0
1.0
1.0
1.0
1.0
1.0
1.0
1.0
1.0
1.0
0.9917355371900827
0.9207547169811321
1.0
1.0
1.0
1.0
0.9949238578680203
1.0
1.0
1.0
1.0
0.966903073286052
1.0
1.0
1.0
1.0
0.9917355371900827
0.9207547169811321
1.0
1.0
1.0
1.0
0.9949238578680203
1.0
1.0
1.0
1.0
0.966903073286052
1.0
0.9938144329896907
1.0
0.9956896551724138
1.0
1.0
0.9775
1.0
1.0
1.0
1.0
1.0
1.0
0.9935691318327974
1.0
1.0
1.0
0.9938144329896907
1.0
0.9956896551724138
1.0
1.0
1.0
1.0
1.0
1.0
1.0
1.0
0.9917355371900827
1.0
1.0
1.0
0.9788732394366197
1.0
1.0
1.0
1.0
0.9938144329896907
1.0
0.9956896551724138
1.0
1.0
1.0
1.0
1.0
1.0
1.0
1.0
0.9917355371900827
1.0
1.0
1.0
1.0
1.0
1.0
1.0
1.0
1.0
1.0
1.0
1.0
0.7014218009478673
1.0
1.0
1.0
1.0
1.0
1.0
1.0
1.0
1.0
1.0
1.0
1.1161616161616161
1.0
1.0
1.0
1.0
1.0
1.004158004158004
1.0
1.0
1.0
1.0
1.0
1.0
1.0
1.0
0.9634831460674157
1.0
0.9938144329896907
1.0
0.9956896551724138
1.0
1.0
0.9777777777777777
0.9502762430939227
0.9951456310679612
0.9831223628691983
1.0
1.0
1.0
1.0
1.0
1.0
1.0
1.0
1.0
1.0
0.9938144329896907
1.0
0.9956896551724138
1.0
1.0
0.9777777777777777
1.0
0.9951456310679612
0.9831223628691983
1.0
1.0
1.0
1.0
1.0
1.0
1.0
1.0
1.0
1.0
1.0
0.9956896551724138
1.0
1.0
1.0
1.0
1.088235294117647
1.0
1.0
1.0
1.0
1.0
1.0
0.994579945799458
1.0
1.0
1.0
0.9956896551724138
1.0
1.0
1.0
1.0
1.0
1.0
1.0
1.0
1.0
1.0
1.0
1.0
1.0
1.0
1.0
1.0
1.0
0.9339622641509434
1.0
1.0
1.0
1.0
1.0
1.0
1.0
0.9892183288409704
0.9660056657223796
1.0
1.0
0.9956896551724138
1.0
1.0458715596330275
0.9130434782608695
1.0
1.0
1.0
0.9847560975609756
1.0
1.0
1.0
1.0
1.0
1.0
1.0
0.9956896551724138
1.0
1.0
1.0
1.0
1.0
1.0
1.0
1.0
1.0
1.0
1.0
1.0
1.0
0.9956896551724138
1.0
1.0
1.0
1.0
1.0
1.0
1.0
1.0
1.0
1.0
1.0
1.0
0.9956896551724138
1.0
1.0
1.0
1.0
1.0662650602409638
1.0
1.0
1.0
1.0
1.0
1.0
1.0
0.9634831460674157
0.9938144329896907
1.0
1.0
1.0
1.0
1.0
1.0
1.0
1.0
0.9916201117318436
1.0
1.0
1.0
0.9938144329896907
1.0
0.9956896551724138
1.0
1.0
1.0
1.0
1.0
1.0
1.0
1.0
1.0
1.0
1.0
1.0
1.0
0.9942028985507246
0.9938144329896907
1.0
1.0
1.0
0.985981308411215
1.0
0.9975429975429976
1.0
1.0
1.0
0.989517819706499
1.0
1.0
1.0
1.0
1.0
1.0
1.0
1.0
0.9757085020242915
0.9558011049723757
1.0
1.0
1.0
1.0
1.0
1.0
1.0
1.0
0.9956896551724138
1.0
1.0
1.0
1.0
1.0
1.0
1.0
1.0
1.0
1.0
1.0
1.0
0.9917355371900827
0.9207547169811321
1.0
1.0
1.0
0.9765625
1.0
0.9192546583850931
1.0
1.0
1.0
1.0
0.966903073286052
1.0
1.0
1.0
1.0
1.0
1.0
1.0
1.0
1.0
1.0
1.0
1.0
1.0
1.0
1.0
1.0
0.9938144329896907
1.0
1.0
1.0
1.0
1.0
0.9865319865319865
0.9799498746867168
0.9910714285714286
0.9825783972125436
1.0
1.0
0.997946611909651
0.9634551495016611
1.0
1.0
1.0
1.0
1.0
1.0
1.0
1.0
1.0
1.0
1.0
1.0
1.0
1.0
1.0
1.0
1.0
1.0
1.0
1.0
1.0
0.9938144329896907
1.0
1.0
1.0
1.0
1.0
0.9891891891891892
1.0
1.0
1.0
1.0
1.004158004158004
1.0
1.0
1.0
1.0
1.0
1.0
1.0
0.9938144329896907
1.0
0.9956896551724138
1.0
1.0
1.0
1.0
1.0
1.0
1.0
1.0
1.0
1.0
1.0
1.0
1.0
0.9942028985507246
1.0
1.0
1.0
1.0
0.8411214953271028
1.0
1.0
1.0
1.0
0.9893333333333333
0.9453551912568307
1.0
1.0
1.0
1.0
1.008230452674897
1.0
1.0
0.9938144329896907
1.0
0.9956896551724138
1.0
1.0
0.9691943127962085
0.9605911330049262
1.0
1.0
1.0
0.9924812030075187
1.0
1.0
0.9945652173913043
1.0
1.0
0.9938144329896907
1.0
0.9956896551724138
1.0
0.9128440366972477
1.0
1.0
0.9605263157894737
1.0
1.0
1.0
1.0
1.0
1.0
0.9887640449438202
1.0
1.0
1.0
1.0
1.0
1.0
0.9938144329896907
1.0
0.9956896551724138
1.0
1.0
0.9691943127962085
0.9605911330049262
1.0
1.0
1.0
0.9924812030075187
1.0
1.0
0.9945652173913043
1.0
1.0
1.0
1.0
1.0
1.0
1.0
0.9339622641509434
1.0
1.0
1.0
0.9918256130790191
1.0
1.0
1.0
1.0
1.0
1.0
1.0
1.0
1.0
1.0
0.985981308411215
1.0
0.9975429975429976
1.0
1.0
1.0
0.989517819706499
1.0
1.0
1.0
1.0062240663900415
1.0
1.0
1.0
1.0
1.0
1.0
1.0
1.0
0.9587020648967551
0.9969230769230769
1.0
1.0
1.0
1.0
1.0
1.0
1.0
1.0
