1.0
1.0
1.0
1.0451127819548873
1.04
1.0
1.0
1.0
1.0
0.9793103448275862
1.0
1.0
1.0
1.0545454545454545
1.0
1.0
1.0
1.0
0.9798657718120806
1.0
1.0
1.0
1.0
1.0
0.9897959183673469
1.0
1.0
1.1355932203389831
1.0
1.0
1.202127659574468
1.0
1.0
1.0
1.0
1.0
1.1025641025641026
1.0
1.0
0.9153846153846154
1.0
1.0
0.9919028340080972
0.6299212598425197
1.0
0.9153846153846154
1.0
1.0
1.0
1.0
1.0
0.9793103448275862
1.0
1.0
1.0
1.0
1.0
1.0
1.0
1.0
1.0
1.0
1.4574468085106382
1.0
1.0
1.0
0.9848484848484849
1.0
1.0
1.0
0.9848866498740554
1.0
1.0
1.0
1.0
1.0
1.0
1.0
0.9793103448275862
1.0
1.0
1.0
1.025531914893617
1.0
1.0
1.0084388185654007
1.0
0.9848484848484849
1.0
1.0
1.0
1.0
1.0
0.9107142857142857
1.0
1.0545454545454545
1.0
1.0
1.0
1.0
1.0
1.0
0.8549618320610687
1.0
1.0
0.9768211920529801
0.8549618320610687
1.0
1.0
1.0
1.0
1.0
1.0
1.0
1.0
1.0
1.0
1.0
1.0
1.0
1.0
0.9921875
1.0
1.0
1.0
1.0
1.0
1.2533333333333334
1.0
1.0
1.0
1.0
1.0
1.0
1.0
1.0
1.0
1.0
1.0
1.0
1.0
0.9546351084812623
0.9821428571428571
1.202127659574468
1.0
0.9546351084812623
1.0
0.984375
1.0
1.0
1.0
1.0
0.9546351084812623
1.0
0.8207547169811321
1.0
1.0
0.9546351084812623
1.0
1.0
1.025531914893617
1.0
0.9546351084812623
1.0
0.984375
1.0
1.0
1.0
1.011111111111111
1.025531914893617
1.0
1.0
1.0
1.0
1.0
1.0
1.0
1.0795454545454546
1.0
1.0
1.0
1.0
1.0
1.0
1.0
1.0
1.0
1.0
1.0
1.0
1.0
1.0
1.0
1.1372549019607843
1.025531914893617
1.0
1.0
1.0
1.0
1.0
1.0
1.0
1.0
1.0
1.0
1.0
1.0
1.0
1.0
1.0
1.0
1.0
1.0
1.0
1.0
1.0
1.0
1.0
1.0
1.0
1.0
1.0
1.0
1.0
1.0
0.9137931034482759
1.0
1.0
1.0
1.025531914893617
1.0
1.0
1.202127659574468
1.0
1.0
0.8870967741935484
1.0
1.0
1.202127659574468
1.0
0.9793103448275862
1.0
1.0
1.103448275862069
1.0
1.0
1.0545454545454545
1.0
1.0
1.0
1.0
1.0
0.7874015748031497
1.0
0.9793103448275862
1.0
1.0
1.0
1.202127659574468
1.0319148936170213
1.0
1.0
1.0
1.0
1.0
1.0
1.202127659574468
1.0319148936170213
1.0
1.0
1.0
1.148936170212766
1.0
1.0
1.0
1.0
1.0
0.9793103448275862
1.0
1.0
1.0
0.9793103448275862
1.0
1.0
0.8549618320610687
1.0
0.9936908517350158
1.0
1.0
1.0
1.2567567567567568
1.0
0.9793103448275862
1.0
1.0
1.0
1.0
1.0
1.0545454545454545
1.0
1.0
1.0
1.0
1.0
1.0
1.202127659574468
1.0545454545454545
1.025531914893617
1.0
1.0
1.0
1.0
1.0
1.0
1.0
1.0
1.0
1.0
1.0545454545454545
1.0
1.0
1.0545454545454545
1.0
1.0
1.0
0.9793103448275862
1.0
1.0
1.0
1.0
1.0
1.025531914893617
1.0
1.0
1.0
0.9793103448275862
1.0
1.0
1.0
1.0
1.0
0.9793103448275862
1.0
1.0
1.025531914893617
1.0
1.0
1.0
1.0
1.0545454545454545
1.025531914893617
1.0
1.094488188976378
1.0
1.0
1.0
1.0
1.0
0.9793103448275862
1.0
0.8549618320610687
1.0
1.0
1.0
1.0
1.0
0.9216867469879518
0.9369369369369369
0.9745762711864406
1.0
1.0
0.9795918367346939
1.0
1.0
1.0
0.9523809523809523
1.0
0.9242424242424242
1.162162162162162
0.9795918367346939
1.0
1.2567567567567568
1.0545454545454545
1.0
1.0
1.0
0.9006622516556292
1.0
0.9216867469879518
0.9369369369369369
0.9745762711864406
1.0
1.0
0.9795918367346939
1.0
1.0
1.0
0.9523809523809523
1.0
0.9242424242424242
1.162162162162162
0.9795918367346939
1.0
1.2567567567567568
1.0545454545454545
1.0
1.0
1.0
0.9006622516556292
1.0
1.2153846153846153
1.025531914893617
1.0
1.0655172413793104
0.9793103448275862
1.0
1.0
1.0
1.0
1.0545454545454545
1.025531914893617
1.0
1.0
0.9793103448275862
1.0
1.0
1.0
1.0
1.025531914893617
1.0
0.9798657718120806
1.0
0.9540229885057471
1.0
0.9795918367346939
0.8095238095238095
1.0
1.0545454545454545
1.0
1.0
1.2533333333333334
1.0
0.9855371900826446
1.025531914893617
1.0
1.0
1.0
1.0
1.4945054945054945
0.9793103448275862
1.0
1.0
1.2533333333333334
1.0
0.9855371900826446
1.025531914893617
1.0
1.0
1.0
1.0
0.9793103448275862
1.0
1.0
1.148936170212766
1.0
1.0
1.0
1.0
1.202127659574468
1.0
1.0
1.0
0.9540229885057471
1.0
1.0
1.0
1.0545454545454545
1.0
1.0
1.0352564102564104
1.148936170212766
1.0
1.0
1.0
1.0
1.202127659574468
1.0
1.0
1.1862745098039216
1.0
0.9315789473684211
1.0
1.0
1.0
1.0
1.0
1.0
1.0
0.9651162790697675
1.025531914893617
1.0
1.0
1.0
1.0
1.0
1.025531914893617
1.0
1.0
1.0
1.0
1.025531914893617
1.0
1.0
1.0
1.0
1.0291666666666666
1.0
1.0
0.8947368421052632
1.0
1.202127659574468
1.0512820512820513
1.0
1.0
1.0
1.0
1.0
1.0
0.7677902621722846
1.0
1.0
0.9216867469879518
0.9369369369369369
0.9745762711864406
0.7592592592592593
1.0
1.0
0.7676767676767676
1.0
0.9523809523809523
1.0
0.9242424242424242
0.9919028340080972
1.0
1.0
1.0
1.0
1.0
1.0
1.0
1.0
0.8549618320610687
1.0
1.025531914893617
1.0
0.9848866498740554
1.0
1.0
1.0
1.0
1.0
1.0
1.0
1.0
0.9798657718120806
1.0
1.0
0.979253112033195
1.025531914893617
1.0
0.890625
1.0
1.0545454545454545
1.025531914893617
1.0
1.0
1.0
1.1477272727272727
1.0
1.0
1.0
1.0
1.025531914893617
1.0
1.0
1.0
1.0
1.0
1.0
1.0392156862745099
1.0
1.0
1.0
1.0
1.0
1.0
1.0
1.0
1.148936170212766
1.0
1.025531914893617
1.0
1.0
1.0
1.0
1.0
1.0
0.9712643678160919
0.89
1.0
1.0
0.9793103448275862
1.0
1.0
1.148936170212766
1.025531914893617
1.0
1.0
1.0
1.0
1.0
1.0
1.0
1.0
1.0
1.0
1.0
1.0
1.0
1.0
0.9540229885057471
1.0545454545454545
1.0
1.0
1.0
1.0
1.0
1.0319148936170213
1.025236593059937
1.0
1.0
1.0
