1.0
1.0
1.0
1.0
0.9686520376175548
1.0
1.0
1.0
1.0
1.0
1.0
1.0
0.9292929292929293
1.079245283018868
1.0
1.0
0.7751479289940828
0.8905109489051095
2.4545454545454546
1.0
1.0
1.0
1.0
0.9686520376175548
1.0
1.0
1.0
1.0
0.9744408945686901
1.0
0.9686520376175548
1.0
1.0
1.0
1.0
1.0
1.0
1.0
1.0
1.0
0.9686520376175548
1.0
1.0
1.0
1.0
1.0
1.0
1.0
0.9686520376175548
1.0
1.0
1.0
1.0
1.0
1.0
1.0
0.9587727708533078
0.9686520376175548
1.0
0.7157894736842105
1.0
1.0
1.0
1.0
1.0
1.0
0.7126436781609196
1.0
0.9686520376175548
0.6293103448275862
1.0
1.0
1.0
0.9686520376175548
1.375
1.2380952380952381
0.8888888888888888
1.0
1.134020618556701
1.0
0.8905109489051095
1.0
1.0
1.0
1.0
1.0
1.0
1.0
1.3164556962025316
1.0
0.9686520376175548
1.0035971223021583
1.0
1.0
1.0
0.9263157894736842
0.9647887323943662
1.0
1.0
1.0
0.9966329966329966
1.0
1.0
1.0
1.0
1.0
1.0
1.0
1.0
1.3164556962025316
1.0
0.9686520376175548
1.0035971223021583
1.0
1.0
1.0
1.0
0.9686520376175548
1.0
1.0
1.0
1.0
1.0
1.0
0.9686520376175548
1.0
1.0
1.0
1.0
1.0
1.0
1.0
0.6293103448275862
0.9686520376175548
1.0
1.0
1.0
1.0
1.0
1.0
0.8384279475982532
1.2093023255813953
1.0970464135021096
0.9512195121951219
1.0
1.0
1.0
1.0
0.9686520376175548
1.0
1.0
1.0
1.0
0.8905109489051095
0.9935064935064936
0.467005076142132
1.0
0.9686520376175548
1.0
1.0
1.0
1.0
0.9966329966329966
1.0
1.0
1.0
1.0
0.776595744680851
1.0
1.0
1.0
0.9787234042553191
0.9686520376175548
1.0
1.0
1.0
1.0
1.0
1.0
1.0
1.0
1.0
1.0
0.9686520376175548
1.0
1.0
1.0
1.0
1.0
0.7157894736842105
1.0
1.0
1.0
1.0
1.0
1.0
0.9744408945686901
0.7695852534562212
1.0
1.0
1.0
0.9686520376175548
1.0
1.0
1.0
1.0
1.0
1.0
0.9071146245059288
1.0
1.0748663101604279
0.9686520376175548
1.0
1.0
1.0
1.0
1.0
0.8461538461538461
1.0
0.8461538461538461
1.0
0.9875
1.0
1.0
1.0
1.0
0.9686520376175548
1.0
1.0
1.0
0.771513353115727
0.32682926829268294
1.0
1.0
0.9686520376175548
1.0
1.0
1.0
1.0
1.0
0.9263157894736842
0.9686520376175548
1.0
1.0
1.0
1.0
0.8461538461538461
1.0
1.0
1.0
1.0
0.9219858156028369
1.0
1.0
1.0
1.0
1.0
0.9686520376175548
0.7904761904761904
1.0
1.0
1.0
0.9217391304347826
1.0
1.0
0.467005076142132
1.0
1.0
1.375
0.9686520376175548
0.6293103448275862
1.0
1.0
1.0
0.7157894736842105
1.0
1.0
1.0
0.9686520376175548
1.0
1.0
1.292929292929293
0.9653243847874721
1.1382113821138211
1.0
0.9315476190476191
1.0
0.45176470588235296
0.953307392996109
0.8969957081545065
1.0
1.0
1.0
1.0
0.9686520376175548
1.0
1.0
1.0
1.0
0.9540816326530612
1.0
1.0
1.0
0.6293103448275862
0.9686520376175548
1.0
1.0
1.0
1.0
1.0
0.9686520376175548
1.375
1.0
1.9381443298969072
1.0
1.0
1.0
0.8905109489051095
1.0
1.0
1.0044893378226711
1.0
1.0
1.0
1.0
0.9781021897810219
0.9477611940298507
1.0
0.8809523809523809
1.0
1.0211693548387097
0.9702970297029703
0.7161290322580646
1.0
1.0
0.984251968503937
1.0
1.0
1.0
1.0
1.0
1.0
1.0
1.0
1.0
1.0
1.0
0.9649805447470817
1.0
1.0
0.9686520376175548
1.0
1.0
1.0
1.0
0.9793459552495697
1.0
1.0
1.0
1.0
0.8905109489051095
1.0
1.0
1.0
1.0
0.9686520376175548
1.0
1.0
1.0
1.0
0.9793459552495697
1.0
1.0
0.8905109489051095
1.0
1.0
1.0
1.0
1.0
1.0892857142857142
1.0
1.0
1.0
1.0
1.0
0.9686520376175548
1.0
1.0
1.029940119760479
0.9793459552495697
1.0
1.0
1.0
0.8905109489051095
1.0
1.0
1.0
0.9686520376175548
1.0
1.0
0.9653243847874721
0.9219858156028369
1.0
1.0
0.8
1.0
1.0
1.0
1.0
1.0
1.0
0.9288135593220339
1.0
1.0
1.0
1.0
0.9686520376175548
1.0
1.0
1.0
1.0
1.0
1.0
0.8461538461538461
0.9383033419023136
1.0
1.0
1.0
1.0
1.0
1.0
0.8461538461538461
1.0
1.0
1.0
1.0
1.0
0.9015151515151515
1.0
1.0
0.9686520376175548
0.9688888888888889
1.0
1.0
1.0
1.0
1.0
1.0
0.8461538461538461
1.0
1.0
1.0
1.0
1.0970464135021096
0.9512195121951219
1.0
1.0
0.9686520376175548
1.0
0.7904761904761904
1.0
1.0
1.0
1.0
0.9686520376175548
1.0
1.0
0.7157894736842105
1.0
1.0
1.0
1.0
0.9686520376175548
1.0
1.0
0.8888888888888888
1.134020618556701
1.0
1.0
1.0
1.0
1.0
0.5909090909090909
1.0
1.0
1.0
0.888030888030888
0.9219858156028369
0.9686520376175548
1.0
1.0
1.0345572354211663
1.0
1.0
1.0
1.0
1.0
0.8461538461538461
1.0
0.9512195121951219
1.0
1.0
1.0
1.0
1.0
1.0
1.2105263157894737
1.0
1.0
0.9686520376175548
1.0
1.0
1.0
1.0
1.0
0.8461538461538461
1.0
1.0
0.5909090909090909
1.0
1.0
0.9219858156028369
1.0
0.9686520376175548
0.922272047832586
1.0
1.0
1.0
0.6721311475409836
1.0
1.0
1.0
0.8461538461538461
1.0
1.2980769230769231
1.0
0.849624060150376
1.0
0.7157894736842105
1.0
1.0
1.0
0.9686520376175548
1.0
1.0
0.8461538461538461
1.0
0.9512195121951219
1.0
1.0
1.0
1.0
1.0
1.0
1.0
0.9686520376175548
1.0
1.0
1.0
1.0
1.0
1.0
1.0
1.0
0.9560975609756097
1.0
0.8461538461538461
1.0
1.0
1.0
1.0
1.0
0.9686520376175548
1.0
1.0
1.0
0.8951612903225806
1.0
0.5401459854014599
0.8461538461538461
1.0
1.0
1.0
1.0
1.0
1.0
0.9686520376175548
1.0
1.0
1.0
1.0
1.0
1.0
1.0
0.9512195121951219
1.0
1.0
1.0
1.0
1.0
0.9270833333333334
0.9686520376175548
1.0
1.0
1.0
1.0
1.0
1.0
0.8461538461538461
1.0
1.0
1.0
1.0
0.9686520376175548
1.0
1.0
1.0
1.0
0.8905109489051095
1.0
1.0
1.0
0.32682926829268294
0.8461538461538461
1.0
1.0
1.0
1.0
1.0
1.0345572354211663
1.0
1.0
0.7157894736842105
1.0
1.0
0.9686520376175548
1.0
1.0
1.0
1.0
1.0
0.9903846153846154
0.9686520376175548
1.0
1.0
1.0
1.0
1.0
1.0
1.0
1.0
1.0
1.0
1.0
1.0
1.0
0.824468085106383
1.0
1.0
1.0
0.9686520376175548
1.0
1.0
1.0
0.9288135593220339
1.0
1.0
1.0
0.9686520376175548
1.0
1.0
1.0
1.0
0.9903846153846154
1.0
1.0
1.0
1.0
1.0
1.0
1.0
0.9686520376175548
1.0
1.0
1.0
1.0
0.7959183673469388
0.7828947368421053
1.0
1.0
1.0
0.9810650887573964
1.0
1.0
1.0
1.0
1.0
0.9686520376175548
1.0
1.0
0.7157894736842105
1.0
1.0
1.0
1.0
0.9686520376175548
1.0
1.0
1.0
1.0
1.0
0.8651026392961877
1.0
1.0
1.0
1.0
1.0
1.0
1.0
1.0
1.0
1.0
0.771513353115727
0.32682926829268294
1.0
1.0
0.9686520376175548
1.0
1.0
1.0
1.0
1.0
1.0
0.9808612440191388
1.0
1.0
1.0
1.0
1.0
1.0
1.0
1.0
1.0
0.5276752767527675
1.0
0.68
1.0
0.9686520376175548
1.0
1.0
1.0
1.0
0.9744408945686901
1.0
0.9686520376175548
1.0
1.0
1.0
1.0
1.0
0.9686520376175548
1.0
1.0
1.0
1.0
0.9744408945686901
1.0
0.9686520376175548
1.0
1.0
1.0
1.0
1.0
0.9686520376175548
1.0
1.0
0.32682926829268294
0.771513353115727
1.0
1.0
1.0
1.0
1.0
1.0
1.0
1.0
0.771513353115727
0.32682926829268294
1.0
1.0
0.9686520376175548
1.0
1.0
1.0226570545829041
1.0
1.0
0.9686520376175548
0.9263157894736842
1.0
1.0
1.0
1.0
1.0
1.0
0.984251968503937
0.7157894736842105
1.0
0.8928571428571429
1.0
1.0
1.0338983050847457
1.0
1.375
0.9686520376175548
1.0
1.0
1.0
1.0
1.0625
1.0
0.9696969696969697
1.0
1.0
1.0142857142857142
1.0
0.9686520376175548
1.0
1.0
1.0
1.0
1.0
0.9961538461538462
1.0
1.9278350515463918
1.0
1.0
1.0
1.0
0.9686520376175548
1.0
1.0
1.0
0.8645833333333334
1.0
1.0
1.0
1.0
1.0
0.9686520376175548
1.1168831168831168
1.0
1.0
1.0
1.0
1.0
0.9744408945686901
1.0
0.9686520376175548
1.0
1.0
1.0
0.9686520376175548
1.0
0.7157894736842105
1.0
1.0
1.0
0.9744408945686901
1.0
0.9686520376175548
1.0
1.0
1.1067961165048543
1.0
1.0
0.9911699779249448
0.9263157894736842
0.9686520376175548
1.0
1.0
1.0
1.0
1.0
1.0
0.9744408945686901
1.0
0.9686520376175548
1.0
1.0
1.0
1.0
0.9744408945686901
1.0
0.9686520376175548
1.0
1.0
1.0
1.0
0.891156462585034
1.0
0.771513353115727
0.32682926829268294
1.0
1.0
0.9686520376175548
1.0
1.0
1.0
1.0
1.0
1.0
1.1897810218978102
0.9790575916230366
1.0
0.7639751552795031
0.8982300884955752
0.9686520376175548
1.0
0.515625
0.9810725552050473
0.9974811083123426
0.8903508771929824
1.0
1.5527950310559007
1.0
1.0
1.0
0.9635036496350365
0.9221556886227545
1.0
1.0
1.0
1.0
1.5527950310559007
1.0
0.9686520376175548
1.0
1.0
1.0
1.0
1.0
1.0
0.9635036496350365
1.0
1.0
1.0
1.0
1.5527950310559007
1.0
1.0
0.9686520376175548
1.0
1.0
1.0
1.0
1.0
0.9635036496350365
0.9221556886227545
1.0
1.0
1.0
1.0
1.5527950310559007
1.0
0.9686520376175548
1.0
1.0
1.0
1.0
1.0
0.9076923076923077
1.0105540897097625
1.0
1.0
0.8
1.0
1.0
1.0
1.0
1.0
0.9686520376175548
1.0
1.0
1.0
1.0
1.0
1.0
1.0
0.9686520376175548
1.0
1.0
1.0
0.8670886075949367
0.7157894736842105
1.0
1.0
1.375
0.9686520376175548
1.0
0.7157894736842105
1.0
0.9761904761904762
1.0
1.375
0.9686520376175548
0.6293103448275862
1.0
1.0
1.0
0.9686520376175548
1.0
1.0
1.6031746031746033
1.0
0.9292929292929293
1.0
1.0
1.0
1.0
0.9837962962962963
1.0
1.0
1.0
1.0
1.0
0.9288135593220339
1.0
1.0
1.0
0.9686520376175548
1.0
1.0
1.0
1.0
1.0
1.0
1.0
1.0
0.9686520376175548
1.1264822134387351
1.0
1.0
1.0
0.9166666666666666
0.9686520376175548
1.0
1.0
1.0
0.9686520376175548
1.0
1.0
1.0
1.0
1.0
1.0
1.0
1.0
0.75
0.9781021897810219
1.0
0.8
1.0
0.9715447154471545
1.0
0.771513353115727
0.8858447488584474
1.0
1.0
1.0
0.9686520376175548
1.0970464135021096
0.9363636363636364
1.0
1.6133720930232558
0.8938053097345132
0.7785714285714286
1.0892857142857142
1.0
1.0
1.6031746031746033
1.0
0.9292929292929293
1.0
0.7993827160493827
1.052910052910053
1.0
1.0
1.0
1.0
1.0
1.010928961748634
1.0
1.0
1.0
1.0
1.0
1.0
1.0
1.0359712230215827
1.0
1.0
1.0
1.0
1.0
0.9686520376175548
0.995049504950495
1.0
1.0
1.0
1.0
1.0
1.0
0.6515151515151515
1.0
1.0
1.0
1.0
0.9686520376175548
1.375
1.0
0.7157894736842105
0.969811320754717
1.0
1.0
1.0
1.0
1.0
1.0338983050847457
1.0
1.375
0.9686520376175548
1.0
1.0
0.984251968503937
0.7157894736842105
1.0
1.0
1.0
1.0081632653061225
0.9686520376175548
1.0
0.7126436781609196
1.0
0.7157894736842105
0.984251968503937
1.0
1.0
1.0
1.0
0.984251968503937
0.7157894736842105
1.0
0.7126436781609196
1.0
0.9686520376175548
1.0081632653061225
1.0
1.0
1.0
1.0
0.8456973293768546
1.4380530973451326
1.0
0.8812785388127854
1.0
1.0
0.9686520376175548
1.0
1.0
1.0
1.0
1.0
0.984251968503937
1.0
1.0
1.0
0.984251968503937
1.0
1.0
1.0
1.0
1.0
0.9686520376175548
1.0
1.0
1.0
1.4380530973451326
0.9317507418397626
0.75
1.0
1.0
1.0
1.0
1.0
1.0
1.0
0.9686520376175548
1.375
1.0
1.0
1.0
1.0
1.0
1.0
1.0462633451957295
0.7157894736842105
0.984251968503937
1.0
1.0
1.0
1.0
1.0
0.9744408945686901
1.0238805970149254
1.0
0.9686520376175548
1.0
1.0
1.0
1.0
1.0
1.0
1.0
1.0
0.9815303430079155
0.9263157894736842
0.9686520376175548
1.0
1.0
1.0
1.0
1.0
0.9686520376175548
1.375
1.0
1.0
0.7157894736842105
1.0
1.0
1.0
1.0
0.75
1.0
1.0
1.0
1.0
1.0
0.9686520376175548
0.9263157894736842
0.9911699779249448
1.0
1.0
0.9686520376175548
1.0
0.960093896713615
1.0
1.0
1.0
1.0
1.0767263427109974
1.0
1.0
0.7157894736842105
1.0
1.0
1.0
1.0
1.0
1.0
1.0
1.0
1.0
1.0
0.9911699779249448
0.9263157894736842
0.9686520376175548
1.0
1.0
1.0
1.0
1.0
1.0
0.9911699779249448
0.9263157894736842
0.9686520376175548
1.0
1.0
1.0
1.0
1.0
1.0
1.0
1.0
1.0
1.0
0.9903846153846154
0.9686520376175548
1.0
1.0
1.0
1.0
1.0
1.0
1.0
1.0
1.0
1.0
0.9111111111111111
1.0560344827586208
1.0
1.0
0.9686520376175548
1.0
1.0
1.0
1.0
1.0
1.0
1.0
1.0
0.984251968503937
0.7157894736842105
1.0
1.0
1.0
1.0
1.035264483627204
1.0081632653061225
1.0
1.0
1.0
1.0
1.0338983050847457
1.0
0.7157894736842105
0.984251968503937
1.0
1.0
0.9686520376175548
1.0
1.0
1.0
0.5916666666666667
0.7157894736842105
1.0
1.0
1.0
1.0
1.0
1.0
0.9686520376175548
1.0
1.0
1.0
1.0
1.0
1.0
0.84
1.0
0.7786259541984732
1.0
1.0
1.0
1.0
1.0
1.0
1.0
1.0
1.0
1.0
1.0
0.9297124600638977
1.0
1.0
1.0
1.0
0.9905660377358491
1.0
1.0
1.0
1.0
0.9686520376175548
1.0
1.0
0.8456973293768546
1.0
1.0
1.0
0.8
1.0
1.0155642023346303
1.0
1.0
0.8905109489051095
1.0
1.0
1.0
1.0
1.0
1.0
0.9441340782122905
1.0
1.0
1.0
1.0
1.0
1.0081632653061225
0.9686520376175548
1.0
1.0
1.0
1.0
1.0
1.0
1.0
1.0
1.0
1.0
1.0
0.9686520376175548
1.0
1.0
1.0
1.0
1.0
1.0
1.0
1.0
0.7959183673469388
0.9015151515151515
0.9827956989247312
1.0
1.0
0.9903846153846154
0.9686520376175548
1.0
1.0
0.9824561403508771
1.0
1.0
1.0
1.0
1.0
1.0
1.0
1.0
1.0
0.9444444444444444
1.0
1.0
1.0
1.083969465648855
1.0
1.0
1.0
1.0
1.0
1.0
1.0
1.0
1.0
1.0
1.0
1.0
1.0
1.0
1.0
1.0240963855421688
1.0
1.0
0.9029535864978903
1.0
1.328358208955224
1.0
1.0
1.2878787878787878
1.0
1.0
1.7391304347826086
1.0
1.0
1.0
1.0
1.0
0.8905109489051095
1.0
1.0
1.118279569892473
0.9669811320754716
1.0
0.8758620689655172
1.0625
1.0
1.0
1.0
1.0
1.0
1.0
1.0
0.9966329966329966
1.0
0.78125
1.0
1.0
1.0
1.0
1.0560344827586208
1.0695652173913044
1.0
1.0
1.0
1.0
0.984251968503937
1.0
1.0
1.0
0.9686520376175548
1.0
0.9381443298969072
1.0
1.4380530973451326
1.0
0.8456973293768546
0.75
1.0
1.0
1.0
1.0
1.0
1.079245283018868
0.9292929292929293
0.9686520376175548
1.0
1.0
1.0
1.0560344827586208
1.0695652173913044
1.0
1.0
0.9686520376175548
1.375
1.0
0.7157894736842105
1.0
1.0
1.0
1.0
0.9676375404530745
1.0
1.0
1.0
1.0
1.0
1.0
1.0
1.0
0.7157894736842105
1.0052631578947369
1.0
1.0
1.0
1.0
1.0
1.0
1.0
1.0
1.0
1.0
1.0
1.0
1.0
1.0
1.0
1.0
1.0
1.0
1.0
1.0
1.0364145658263306
1.0
1.0
1.0
1.0
1.0
0.9219858156028369
0.32682926829268294
1.0
0.9686520376175548
1.0
1.0
1.0
1.0
0.7464788732394366
1.0
0.9943820224719101
1.0
1.0
0.9686520376175548
1.0
1.0315789473684212
1.0
1.0
1.0
1.0
0.9686520376175548
1.0
1.0
0.9753914988814317
1.0
1.0
1.0
0.9219858156028369
1.0
0.8
1.0
1.0
1.0155642023346303
1.0
0.8905109489051095
1.0
0.7682926829268293
1.0
1.0
1.0
1.0
0.9686520376175548
1.0
1.0
1.0
1.0
0.7157894736842105
1.0
1.0
1.0
1.0
1.4351851851851851
1.0
0.7157894736842105
0.984251968503937
1.0
1.0
1.0
1.0
1.0
1.0
1.0
1.0
0.9686520376175548
0.9219858156028369
0.9192938209331651
0.9288135593220339
1.0
1.0
1.0
1.0
1.0
1.0
1.0
0.9744408945686901
1.0
0.9686520376175548
1.0
1.0
0.8253968253968254
1.0
1.0
0.8905109489051095
1.0
0.907608695652174
1.0
1.0
1.0
1.0
0.7428571428571429
1.0
1.0
1.0
1.0
1.0
1.0
1.0
0.9744408945686901
1.0
0.9686520376175548
1.0
1.0
1.0
1.0
0.8905109489051095
1.0
1.0
0.8456973293768546
0.32682926829268294
1.0
1.0
0.9686520376175548
1.0
1.0
1.0
1.0
1.0
1.0
0.9686520376175548
1.0
1.0
1.0
1.0
1.0
1.0
1.0
1.0
1.0
1.120331950207469
0.9294117647058824
1.0
0.8938053097345132
1.0
1.0
1.0
1.0
1.0
0.444015444015444
1.0
1.0
1.0
1.0
1.0
1.4444444444444444
0.9094650205761317
0.6533333333333333
1.0
1.062992125984252
1.0
1.0
1.0560344827586208
0.9287054409005628
0.9198717948717948
1.0
0.7157894736842105
1.0
0.9767441860465116
1.0
1.0
1.0
0.9686520376175548
1.0
1.0
1.0
1.0
1.0
0.8905109489051095
1.0
1.0
1.0
1.0
1.0
1.0
1.0
0.9292929292929293
1.0
0.9686520376175548
1.0
1.0
1.0
1.0
1.0
1.0
1.0
1.0
1.0
0.9900744416873449
1.0
1.0
0.9826666666666667
0.9686520376175548
1.0
1.0
1.0
1.2661870503597121
1.0
0.9686520376175548
1.0
1.0
1.0
1.0
1.0
0.8789808917197452
1.291044776119403
1.0
0.8365384615384616
1.0103359173126616
1.0
1.0
1.0
0.8605263157894737
0.9850746268656716
1.0
1.1382113821138211
0.75
0.8456973293768546
0.9512195121951219
1.0
1.0
0.9686520376175548
1.375
1.0
1.0
1.0
0.6571428571428571
1.0
1.0462633451957295
0.7157894736842105
0.984251968503937
1.0
1.0
1.0
