1.0
1.0
1.0
1.080691642651297
1.0
1.0
1.0
1.0
1.0
1.0
1.0
1.0
1.0
1.0
1.0
1.0721649484536082
1.0
1.032544378698225
1.0553745928338762
1.0
1.0
1.0
1.0
0.9938144329896907
1.0
1.0
1.0
1.0
1.0
0.9956896551724138
1.0
1.0
1.0
1.0
1.0
1.0
1.0
1.0
1.0
1.0
1.0
1.0
1.0
1.0
1.0
1.0
1.0
0.9956896551724138
0.9386792452830188
1.0
1.0061099796334012
1.0
1.0
1.0
1.0
1.0
1.0
1.0
1.0
1.0
1.0
1.0660146699266504
1.0
1.0
1.0
1.0
1.0952380952380953
1.0
1.0
1.0
1.0
0.975103734439834
1.0
1.0
1.0
0.9956896551724138
1.0
1.0
1.0
1.0
1.0952380952380953
1.0
1.0
1.0
1.0
0.975103734439834
1.0
1.0
1.0
0.9956896551724138
1.0
1.0
1.0
1.0
0.9881656804733728
1.0
1.0
1.0
1.0
1.0
1.0
1.0
1.0
1.0
1.0
1.0
1.0
1.0
1.0041322314049588
1.0390070921985815
0.9838187702265372
0.9949874686716792
1.0
0.9910714285714286
1.0
1.0
1.0
1.0
0.975103734439834
1.0
1.0
1.0
1.0
1.0
1.0
1.0
1.0
0.9838187702265372
1.0
1.0
0.9910714285714286
1.0
1.0
1.0
0.9634551495016611
0.975103734439834
1.0
1.0
1.0
1.0
1.0
1.0
1.0
0.9673469387755103
1.0
0.9881656804733728
1.0
1.0
1.0
1.0
1.0
1.0
0.9690721649484536
1.0
1.0
1.0
1.0
1.0
1.0
1.0
1.0
1.0
1.0
1.0375
1.0
0.975103734439834
1.0
1.0
1.0
0.9956896551724138
1.0
1.0
1.0
1.0
1.0
1.0
1.0
0.975103734439834
1.0
1.0
1.0
1.0
0.9956896551724138
1.0
1.0
1.0
1.0
1.0
1.0
1.0
0.975103734439834
1.0
1.0
1.0
1.0
1.0
1.0
1.0
1.0
1.0
1.0
1.0
1.0
0.975103734439834
1.0
1.0
1.0
1.0
1.0
1.0
1.0
1.0
1.0
1.0
0.9973753280839895
1.0
1.0
0.975103734439834
1.0
1.0
1.0
1.0
0.9956896551724138
1.0
1.0
1.0
0.9843260188087775
1.0
1.0
1.0
0.975103734439834
1.0
1.0
1.0
0.9956896551724138
1.0
1.0
1.0
1.0
1.0
1.0
1.0
1.0
1.0
1.0
1.0
1.0
1.0
0.9956896551724138
1.0
1.0
1.0
1.0
1.0
1.0
0.975103734439834
1.0
1.0
1.0
0.9956896551724138
1.0
1.0
1.0
1.0
1.0
1.0
1.0
1.0
1.0
1.0
0.975103734439834
1.0
1.0
1.0
0.9956896551724138
1.0754716981132075
1.0
1.0
1.0
1.0
1.0833333333333333
1.0
1.0
1.0
1.0
1.0
1.0
0.975103734439834
1.0
1.0
1.0
1.0
1.0
1.0
1.0
1.0
1.0
1.0
1.0
1.0833333333333333
1.0
1.0
0.975103734439834
1.0
1.0
1.0
1.0
0.9956896551724138
1.0
1.0
1.0
1.0
1.0833333333333333
1.0
1.0
0.975103734439834
1.0
1.0
1.0
1.0
1.0
0.9956896551724138
1.0
1.0471698113207548
1.0833333333333333
1.0
1.0
1.0
1.0
1.0
1.0
0.975103734439834
1.0
1.0
1.0
1.0
1.0
1.0
1.0
1.0833333333333333
1.0
1.0
1.0
1.0
1.0
1.0
0.9690721649484536
1.0
1.0
1.0
1.0
0.9956896551724138
1.0
1.0
1.0
1.0
1.0
0.9924812030075187
1.0
1.0
0.9605911330049262
1.0
0.9945652173913043
0.9690721649484536
1.0
1.0
0.9956896551724138
1.0
0.9691943127962085
1.2026726057906458
1.0
1.0
1.0
1.0
1.0
0.9924812030075187
1.0
1.0
1.0
1.0
1.0
0.975103734439834
1.0
1.0
0.9956896551724138
1.0
1.0
1.0
1.0
1.0
1.0
1.0
0.9924812030075187
1.0
1.0
0.9605911330049262
1.0
0.9945652173913043
0.9690721649484536
1.0
1.0
0.9956896551724138
1.0
0.9691943127962085
0.9922480620155039
1.0
1.0
1.0
1.0
1.0
0.975103734439834
1.0
1.0
1.0
1.0
1.0
1.0
1.0
1.0
1.0
1.0
1.0
0.975103734439834
1.0
1.0
1.0
1.0
1.0
1.0
1.0
1.0470219435736676
1.0
1.0
1.0
1.0
1.0
0.9608355091383812
1.0
1.0
0.975103734439834
1.0
1.0
1.0
1.0
1.0
1.0
1.0
1.0
1.0
1.0
1.0
1.0
0.9608355091383812
1.0
1.0
0.975103734439834
1.0
1.0
1.0
1.0
1.0
1.0
1.0
1.0
1.0
1.0
1.0
0.9788732394366197
0.9608355091383812
1.0
1.0
0.975103734439834
1.0
1.0
1.0
1.0
1.0
1.0
1.0
1.0
1.0
1.0
0.9900990099009901
1.0
1.0
1.0
0.9608355091383812
1.0
1.0
1.0
1.0
0.9690721649484536
1.0
1.0
1.0
1.0
1.0
1.0
1.0
1.0
1.0
1.0
0.9634831460674157
1.0
0.9656084656084656
1.0
1.0
1.0
1.02880658436214
1.0
1.0
1.0
1.0
1.0
1.0
0.975103734439834
1.0
1.0
1.0
1.0
1.0
1.0
1.0
1.0
0.9833729216152018
1.0
1.0
1.0
1.0
1.0
1.0
1.0
0.975103734439834
1.0
1.0
1.0
1.0
1.0
1.0
1.0
1.0
1.0
1.0
1.0
1.0
1.0
1.0
1.0
1.0
1.0
1.0
1.0
0.975103734439834
1.0
1.0
1.0
1.0
1.0
1.0
1.0
1.010928961748634
1.0
1.0
1.0
1.0
1.0
1.0
1.0
1.0
1.0
1.0
1.0
1.0
1.0
1.0
0.975103734439834
1.0
1.0
1.0
1.0
0.9956896551724138
1.0
1.0
1.0
1.0
1.0
1.0
1.0
1.0
1.0
1.0
1.0
1.0
1.0
1.0
1.0
1.0
1.0
1.0
1.0
1.0
1.0
1.0
1.0
1.0
1.0
1.0
1.0
0.975103734439834
1.0
1.0
1.0
1.0
1.0
1.0
1.0
1.0
1.0
1.0
1.0
1.0
1.0
1.0
1.0
1.0
1.0
0.975103734439834
1.0
1.0
1.0
1.0
1.0
1.0
1.0
1.0
1.0
1.0
1.0
0.993421052631579
1.0
1.0
1.0
1.0
1.0
1.0
0.975103734439834
1.0
1.0
1.0
1.0
1.0
1.0
1.0
1.0
1.0
1.0
1.0
0.975103734439834
1.0
1.0
1.0
1.0
1.0
1.0
0.9956896551724138
1.0
1.0
1.0
1.0
1.0
1.0
1.0
1.0
1.0
1.0
1.0
1.0
0.975103734439834
1.0185873605947955
1.0
1.0
1.0
1.0
1.0
1.0
1.0
1.0
1.0
1.0
1.0
1.0
1.0
1.0
1.0
1.0
1.0931034482758621
0.975103734439834
1.0185873605947955
1.0
1.0
1.0
1.0
1.0
1.0471698113207548
1.0
1.0
1.0
1.0
1.0
1.0
1.0
0.975103734439834
1.0
1.0
1.0
1.0
1.0
1.0
1.0
1.0
1.0
1.0
1.0
0.9941690962099126
1.0
1.0
1.0
1.0
1.0
1.0
1.0
1.0
1.0265151515151516
1.0
1.0
1.0
1.0
1.0
1.0
1.0
1.0
1.0
1.0
1.0
1.0
1.0
0.9690721649484536
1.0
1.0
1.0
0.9630541871921182
1.0
1.0
0.9956896551724138
1.0
1.0
1.0
1.0
1.0
1.0
1.0
1.0
1.0
1.0
1.0
0.975103734439834
1.0
1.0
1.0
1.0
1.0
1.0
1.0
0.9956896551724138
1.0
1.0
1.0
1.0
1.0
1.0
1.0
1.0
1.0
1.0
0.975103734439834
1.0
1.0
1.0
1.0
1.0
1.0
1.0
0.9956896551724138
1.0
0.9893390191897654
1.0
1.0
1.0
1.0
1.0
1.0
1.0
1.0
1.0
1.0
1.0
0.975103734439834
1.0
1.0
1.0
1.0
1.0
1.0
0.9788732394366197
1.0
1.0
1.0
1.0
1.0
1.0
1.0
1.0
1.0
0.9690721649484536
1.0
1.0
0.9632352941176471
1.0
0.9384615384615385
1.0
1.0
1.0
1.0
1.0
1.0
1.0
1.0
1.0
1.0
1.0
1.0
0.975103734439834
1.0
1.0
1.0
1.0
1.0
0.9956896551724138
1.0
0.9856115107913669
1.0
1.0
1.0
1.0
1.0
1.0
1.0
1.0
1.0
1.0
0.9690721649484536
1.0
1.0
1.0
1.0
1.0
1.0471698113207548
1.0
0.9856115107913669
1.0
1.0
0.997946611909651
1.0
1.0
1.0
1.0
1.0
1.0
0.9634551495016611
0.9690721649484536
1.0
1.0
1.0
1.0
1.0
1.0
0.9856115107913669
1.0
1.0
1.0
1.0
1.0
1.0
1.0
1.0
1.0
1.0
1.0
1.0
0.9690721649484536
1.0
1.0
1.0
1.0
1.0
0.9917355371900827
0.9853249475890985
1.0
1.0
1.0
1.0
0.9962264150943396
1.0
1.0
1.0
1.0
1.0
0.8283898305084746
1.0
1.0
1.0
0.9917355371900827
0.9853249475890985
1.0
1.0
1.0
1.0
0.9962264150943396
1.0
1.0
1.0
1.0
1.0
0.8283898305084746
1.0
1.0
1.0
1.0
1.0
1.0
1.0
1.0
1.0
1.0
1.0
0.932475884244373
1.0
0.9690721649484536
1.0
0.9775
1.0
1.0
1.0
1.0
1.0
0.9788732394366197
1.0
1.0
1.0
1.0
1.0
1.0
1.0
1.0
0.9690721649484536
1.0
1.0
1.0
1.0
0.9956896551724138
1.0
1.0
1.0
1.0
1.0
1.0
1.0
1.0
1.0
1.0
1.0
1.0
1.0
1.0
0.9690721649484536
1.0
1.0
1.0
1.0
0.9956896551724138
1.0
1.0
1.0
0.975103734439834
1.0
1.0
1.0
1.0
1.015228426395939
1.0
1.0
1.0
1.0
1.0
1.0
1.0
1.0
1.0
1.0
1.0
1.0
1.0
1.0
0.975103734439834
1.0
1.0
1.1161616161616161
1.0
0.9956896551724138
1.0
1.0
1.0
1.0
1.0
0.9634831460674157
1.0
0.9951456310679612
0.9502762430939227
1.0
1.0
1.0
1.0
1.0
1.0
1.0
1.0
0.9690721649484536
1.0
0.9777777777777777
1.0
1.0
0.9956896551724138
1.0471698113207548
1.0
1.0
0.9951456310679612
1.0
1.0
1.0
1.0
1.0
1.0
1.0
1.0
1.0
0.9690721649484536
1.0
0.9777777777777777
1.0
1.0
0.9956896551724138
1.0471698113207548
1.0
1.0
1.088235294117647
1.0
1.0
1.0
0.975103734439834
1.0
1.0
1.0
0.9956896551724138
1.0
1.0
1.0
1.0
0.994579945799458
0.9721577726218097
1.0
1.0
1.0
0.9659442724458205
1.0
0.975103734439834
1.0
1.0
1.0
0.9956896551724138
1.0
1.0
1.0
1.0
1.0
1.0
1.0
1.0
0.975103734439834
1.0
1.0
1.0
0.9956896551724138
1.0
1.0
1.0
1.0
1.0
1.0
0.9892183288409704
1.0
1.0
1.0
0.9512195121951219
1.0
1.0
0.975103734439834
1.0
1.0458715596330275
1.0
0.9956896551724138
1.0
1.0
1.0
1.0
1.0
1.0
1.0
1.0
1.0
0.975103734439834
1.0
1.0
1.0
0.9956896551724138
1.0
1.0
1.0
1.0
1.0
1.0
1.0
1.0
1.0
1.0
1.0
1.0
1.0
1.0
1.0
1.0
1.0
1.0
1.0
1.0
1.0
1.144578313253012
1.0
0.975103734439834
1.0
1.0
1.0
0.9956896551724138
1.0
1.0
1.0
1.0
0.9634831460674157
1.0
0.9690721649484536
1.0
1.0
1.0
0.9956896551724138
1.0
1.0
0.9916201117318436
0.9653333333333334
1.0
1.0
1.0
1.0
1.0
1.0
1.0
1.0
1.0
1.0
0.9690721649484536
1.0
1.0
1.0
0.9956896551724138
1.0
1.0
1.0
1.0
0.9942028985507246
1.0
1.0
0.9690721649484536
1.0
0.985981308411215
1.0
1.0
0.9975429975429976
1.0
0.989517819706499
1.0
1.0
1.0
1.0
1.0
1.0
1.0229007633587786
1.0
0.975103734439834
1.0
1.0
1.0
1.0
1.0
1.0
1.0
1.0
1.0
1.0
1.0
1.0
0.975103734439834
1.0
1.0
1.0
0.9956896551724138
1.0
1.0
0.9917355371900827
0.9853249475890985
1.0
1.0
1.0
1.0
1.0
0.9962264150943396
1.0
1.0
1.0
1.0
1.0
1.0
1.0
1.0
1.0
1.0849056603773586
1.0
1.0
1.0
0.975103734439834
1.0
1.0
1.0
1.0
1.0
1.0
1.0
1.0
1.0
1.0
1.0
1.0
0.997946611909651
0.9865319865319865
0.9825783972125436
0.9949874686716792
1.0
0.9910714285714286
1.0
1.0
1.0
0.9634551495016611
0.9690721649484536
1.0
1.0
1.0
1.0
1.0
1.0
0.9958592132505176
1.0
1.0
1.0
1.0
1.0
1.0
0.975103734439834
1.0
1.0
1.0
1.0
0.9956896551724138
1.0
1.0
1.0
1.0
1.0
1.0
1.0
0.9691629955947136
1.0
1.0
1.0
1.0
1.0
0.9690721649484536
1.0
1.0
1.0
1.0
0.9956896551724138
1.0
1.0
1.0
1.0
1.0
1.0
1.0
1.0
1.0
1.0
1.0
0.9690721649484536
1.0
1.0
1.0
0.9956896551724138
1.0
1.0
1.0
1.0
0.9942028985507246
1.008230452674897
1.0
1.0
1.0
1.0
1.0
1.0
1.0
0.975103734439834
1.0
1.0
1.0
1.0
1.0
1.0
1.0
1.0
1.0
1.0
1.0
1.0
1.0
1.0
0.9924812030075187
1.0
1.0
0.9605911330049262
0.9945652173913043
0.9690721649484536
1.0
1.0
0.9956896551724138
1.0
0.9691943127962085
1.0
1.0
1.0
1.0
0.9605263157894737
1.0
1.0
1.0
1.0
1.0
0.9887640449438202
1.0
1.0
1.0
1.0
0.9690721649484536
1.0
1.0
0.9956896551724138
0.9128440366972477
1.0
1.0
1.0
1.0
1.0
1.0
0.9924812030075187
1.0
1.0
0.9605911330049262
1.0
0.9945652173913043
0.9690721649484536
1.0
1.0
0.9956896551724138
1.0
0.9691943127962085
1.0
1.0
1.0
1.0
1.0
0.975103734439834
1.0
1.0
1.0
0.9956896551724138
1.0
1.0
1.0
1.0
1.0
1.0
0.975103734439834
1.0
0.985981308411215
1.0
1.0
0.9975429975429976
1.0
1.0
0.989517819706499
1.0
1.0
1.0
1.0
1.0
1.0
0.9969230769230769
0.9351032448377581
1.0
1.0
1.0
1.0
1.0
1.0
1.0
0.975103734439834
1.0
1.0
1.0
1.0
1.0
1.0
1.0
