1.0043956043956044
1.0
1.0
1.0
1.0
1.0
1.0
1.0
1.0
1.0149253731343284
1.0
1.0
1.0
1.0
1.0916666666666666
1.1134020618556701
1.0
1.0
1.0
1.0
1.0
1.0
1.0
1.329268292682927
1.0
1.0
1.0
2.8205128205128207
1.0
1.064406779661017
1.0
1.0
1.0
1.0
1.0
1.0
1.0
1.0
1.0229007633587786
1.0
0.931129476584022
1.0
1.0
1.0
1.0
1.0
1.0
1.0
1.0
1.0
1.0
1.0
0.975975975975976
1.0
0.9574468085106383
1.1774193548387097
1.0
1.0
1.0
1.0
1.0
1.2210526315789474
1.0
1.0
0.8324607329842932
1.0
1.0
1.0
1.0
1.0
1.0
1.0
1.0
1.0
0.96
1.0
1.0
1.0
1.0
1.0
1.0
1.1258278145695364
1.0
1.0
1.0
1.2289719626168225
1.0
1.0
0.9885057471264368
1.0
1.0421052631578946
1.0
1.0
1.0221238938053097
1.0
1.0512820512820513
1.0
1.0
1.0
1.3857142857142857
1.0
1.0
1.0043956043956044
1.0
1.0
1.0
1.0
1.0
1.0
1.0
1.0
1.0
1.0149253731343284
1.0
1.0
1.0
1.6714285714285715
1.0566037735849056
1.1134020618556701
1.0
1.0
1.0
1.0
0.6730769230769231
1.0
1.329268292682927
1.0
1.0
1.0
1.0
1.040677966101695
1.0
1.247787610619469
1.0
1.0
1.0
1.0
1.0
1.0
1.0229007633587786
1.0
1.0
1.0
1.0
1.0
1.0
1.0
1.0
1.0
1.0
1.0
1.0423076923076924
1.0
1.0
1.0
0.975975975975976
1.0
0.9574468085106383
1.1774193548387097
1.1166666666666667
1.0
1.0
1.0
1.0
1.0
1.2210526315789474
1.0
1.0
1.0
1.0
1.0077519379844961
1.0
1.0
1.0
1.0
1.0
1.0
1.0
1.0
1.0
1.0
1.1258278145695364
1.0
1.0
1.1728971962616823
1.0
1.0
1.0
1.0
1.0
1.0221238938053097
1.0128755364806867
1.0
1.0
1.0
1.0
1.0
1.0
1.0
1.0
1.0043956043956044
1.0
1.0
1.0
1.0
1.0
1.0
1.0
1.0
1.0
1.0
1.0149253731343284
1.0
1.0
1.0
1.0
1.0
1.0
1.0
1.0
1.329268292682927
1.0
1.0
1.0
1.0
1.0
1.0
1.176991150442478
1.0
1.0
1.0
1.0
1.0
1.0
1.0
0.6730769230769231
1.0229007633587786
1.0
1.0
1.0
1.0
1.0
1.0
1.0
1.0
1.0
1.0
1.0
1.0
1.0
1.0
1.0
0.9574468085106383
1.0
1.0
1.2446808510638299
1.0
1.0
1.0
1.2210526315789474
1.0
1.0
0.8324607329842932
1.0
1.0
1.0
1.3265306122448979
1.0
1.1651917404129795
1.0
1.0
1.0
1.0
1.0
1.0
1.0
1.0
1.0
1.0
1.0
1.0
1.1258278145695364
1.0
1.0
1.0
1.0
1.0
1.0
1.0
0.9885057471264368
1.0
1.0
1.0
1.0221238938053097
1.0
1.0
1.0
1.0
1.0
1.0
1.0043956043956044
1.0
1.0
1.0
1.0
1.0
1.0
1.0
1.0
1.0
1.0
1.0149253731343284
1.0
1.0
1.0
1.0
1.0
1.0
1.6714285714285715
1.1134020618556701
1.0
1.0
1.0
1.0
1.329268292682927
1.0
1.0
1.0
1.0
1.0
1.0
1.0558139534883721
1.0
1.0
1.0
1.0
1.0
1.0229007633587786
1.0
1.0
1.0
1.0
1.0
1.0
1.0
1.0
1.0
1.0
1.0
1.0
1.0
1.0
0.975975975975976
1.0
0.9574468085106383
1.0
1.1166666666666667
1.0
1.1520912547528517
1.0
1.2210526315789474
1.0
1.0
1.0
1.0
1.13903743315508
1.3265306122448979
1.0
1.0
1.0
1.0
1.0
1.0
1.0
1.0
1.0
1.0
1.0
1.0
1.0
1.0
1.1258278145695364
1.0
1.0
1.0
1.0
1.0
1.0
1.0
1.0
1.0
1.0
1.0221238938053097
1.0
1.0392156862745099
1.0
1.0
1.7657657657657657
1.0
1.0
1.0
1.0
1.0
1.0
1.0
1.0
1.0
1.0
1.0520094562647755
1.0
1.0
1.0
1.0
1.0
1.0
1.0
1.0
1.0
1.0
1.0
1.2
1.0
1.0
1.268041237113402
1.0
1.0
1.0
1.0
1.0
1.2127659574468086
1.0
1.0
1.0
2.574468085106383
1.0
1.040677966101695
1.0
1.0
1.0
1.0
1.0
0.6730769230769231
1.0
1.0
1.0
1.0
1.0
1.0
1.1166666666666667
1.0
1.0
1.0
1.0
1.0
1.0
1.0077519379844961
1.0
1.0
1.0
1.0
1.0
1.0
1.0
1.0
1.0
0.9535603715170279
1.0
1.0
1.0411392405063291
1.0
1.0
0.9263803680981595
1.0
1.0
1.0
1.0950413223140496
0.8888888888888888
1.0
1.0
1.0
1.0
1.0
1.1193181818181819
1.0
1.0
1.0
0.9238578680203046
1.1746031746031746
1.0
1.0
1.0
1.0
1.0
1.0
1.0
0.71875
1.0
1.0
1.0
1.0
1.0
0.40441176470588236
1.0
1.0
1.0
1.0
1.0
1.0
1.0
2.3617021276595747
1.0
1.040677966101695
1.0
1.0
1.0
1.0
1.0
0.6730769230769231
1.0
1.0
1.0
1.0
1.0
1.0
1.0
1.0
1.0
1.0
1.0
1.0
1.018987341772152
1.0
1.0
1.0
1.0
1.0
1.13903743315508
1.0
1.0
1.0
1.0
1.0
1.4536082474226804
1.0
1.0
1.0
1.0
1.0
1.0
0.9535603715170279
1.0043956043956044
1.0
1.0
1.0
1.0
1.0
1.0
1.0
1.0
1.0
1.0
1.0
1.0
1.0149253731343284
1.0
1.0
1.0
1.0
1.0
1.0
1.0
1.0
1.0
1.0
1.0
1.0
1.0
1.0
1.0
1.0
1.0
1.0
1.0
1.0
1.0
1.0
0.6730769230769231
1.0229007633587786
1.0
1.0
1.0
1.0
1.0
1.0
1.0
1.0
1.0
1.0
1.0
1.0
1.0
0.975975975975976
1.0
0.9574468085106383
1.0
1.1166666666666667
1.0
1.0
1.1520912547528517
1.0
1.2210526315789474
1.0
1.0
1.0
1.0
1.13903743315508
1.2959183673469388
1.0
1.0
1.0
1.0
1.0
1.0
1.0603015075376885
1.0
1.0
1.0
1.0
1.0
1.0
1.0
1.1258278145695364
1.0
1.0
1.0
1.0
1.0769230769230769
1.0
1.0
1.0
1.0
1.0221238938053097
1.0
1.0
1.0719424460431655
1.0
1.0
1.1590909090909092
1.0
1.0061349693251533
1.0
1.11
1.0043956043956044
1.0
1.0
1.0
1.0
1.0
1.0
1.0
1.0149253731343284
1.0
1.0
1.0
1.0
1.0
1.1134020618556701
1.0
1.0
1.0
1.0
1.0
1.0
1.329268292682927
1.0
1.0
1.0
1.0
1.0
1.0
1.0
1.0
1.0
1.0
1.0
1.0
0.6730769230769231
1.0229007633587786
1.0
1.0
1.0
1.0
1.0
1.0
1.0
1.0
1.0
1.0
1.0
1.0
1.0
1.0
0.975975975975976
1.0
1.0
0.9574468085106383
1.0
1.1166666666666667
1.0
1.0
1.1520912547528517
1.0
1.2210526315789474
1.0
1.0
1.0
1.0
1.13903743315508
1.0
1.0
1.0128205128205128
1.0
1.0
1.0
1.0
1.0
1.0
1.0
1.0
1.0
1.0
1.0
1.0
1.0
1.1258278145695364
1.0
1.0
1.0
1.0
1.0
1.0
1.0
1.0
1.0
1.0
1.0221238938053097
1.0512820512820513
1.0
1.0
1.0
1.0
1.0
1.0
1.1571428571428573
1.0
1.0
1.0
1.0
1.0043956043956044
1.0
1.0
1.0
1.0
1.0
1.0
1.0
1.0
1.0
1.0
1.0149253731343284
1.0
1.0
1.0
1.0
1.0916666666666666
1.1134020618556701
1.0
1.0
1.0
1.0
1.329268292682927
1.0
1.0
2.8205128205128207
1.0
1.064406779661017
1.0
1.176991150442478
1.0
1.0
1.0
1.0
1.0
1.0
0.6730769230769231
1.0229007633587786
1.0
1.0
1.0
1.0
1.0
1.0
1.0
1.0
1.0
1.0
1.0
0.975975975975976
1.0
1.0
1.0
1.0
1.0
1.0
1.0
1.1338582677165354
1.2210526315789474
1.0
1.0
0.8324607329842932
1.0
1.0
1.0
1.13903743315508
1.2959183673469388
1.0
1.0
1.0
1.0
1.0
1.0
1.0
1.0
1.0
1.0
1.0
1.0
1.0
1.1258278145695364
1.0
1.0
1.0
1.0
1.0
1.0
1.0
1.0
1.0
1.0
1.0898876404494382
1.0221238938053097
1.0
1.0
1.0
1.0
1.0
1.0
1.3857142857142857
1.0
1.0
1.0043956043956044
1.0
1.0
1.0
1.0
1.0
1.0
1.0
1.0
1.0
1.0
1.0
1.0149253731343284
1.0
1.0
1.0
1.0
1.6714285714285715
1.0
1.0
1.0
1.0
1.0
1.0
1.0
1.0
1.0
1.040677966101695
1.0
1.247787610619469
1.0
1.0
1.0
1.0
1.0
1.0
0.6730769230769231
1.0229007633587786
1.0
1.0
1.0
1.0
1.0
1.0
1.0
1.0
1.0
1.0
1.0
1.0
1.0
1.0
1.0
1.0
1.0
0.9574468085106383
1.0
1.1166666666666667
1.0
1.0
1.0
1.0
1.0
1.0
1.0
1.0
1.0
1.13903743315508
1.3265306122448979
1.0
1.0
1.0
1.0
1.0
1.0
1.0603015075376885
1.0
1.0
1.0
1.0
1.0
1.0
1.0
1.0
1.1258278145695364
1.0
1.0
1.1728971962616823
1.0769230769230769
1.0
1.0
1.0
1.0
1.0
1.0221238938053097
1.0
1.0
1.0
1.0
1.0
1.3428571428571427
1.0
1.0
1.007704160246533
1.0
1.0043956043956044
1.0
1.0
1.0
1.0
1.0
1.0
1.0149253731343284
1.0
1.0
1.0
1.032258064516129
1.0
1.0
1.0
1.0
1.0
1.0
1.0
1.0
1.0
1.0
1.0
1.247787610619469
1.0454545454545454
1.0
1.0
1.0
1.0
1.0
1.0
1.0229007633587786
1.0
1.0
1.0
1.0
1.0
1.0
1.0
1.0
1.0
1.0
1.0
0.975975975975976
1.0
1.0
0.9574468085106383
1.0
1.1166666666666667
1.0
1.0
1.0
1.0
1.0
1.0
1.2210526315789474
1.0
1.0
1.0
1.0
1.0
1.0
1.2959183673469388
1.0
1.0
1.0
1.0
1.0
1.0
1.0
1.0
1.0
1.0
1.0
1.1258278145695364
1.0
1.0
1.0
1.0
1.0
1.0
1.0
1.2028985507246377
1.0
1.0221238938053097
1.0
1.0
1.0
1.0
1.0495867768595042
1.0
1.0
1.0
1.0
1.0043956043956044
1.0
1.0049751243781095
1.0
1.0
1.0
1.0
0.9761092150170648
1.0
1.0
1.0
1.0
1.0149253731343284
1.0
1.0
1.0
1.0
1.0
1.0
1.0
1.0
1.0
1.329268292682927
1.0
1.0
1.0
1.0
1.0
1.0
1.0
1.0
1.0
1.0229007633587786
1.0
1.0
1.0
1.0
1.0
1.0
1.0
1.0
1.0
1.0
0.975975975975976
1.0
1.0
0.9574468085106383
1.1166666666666667
1.0038535645472062
1.0
1.0
1.0
0.7364066193853428
1.0
1.0
1.0
1.0
1.0
1.2452830188679245
1.0
1.0
4.575342465753424
1.0
1.0
1.0
1.0
1.0
1.0
1.0
1.0
1.0
1.0
1.0
1.0
1.0
1.0
1.0221238938053097
1.0
1.0
1.0
1.0
1.0
1.0
1.0
1.0
1.0
1.0
1.0
1.0
1.017094017094017
1.0
1.0
1.113821138211382
1.0
1.0077120822622108
1.116564417177914
1.0
1.0
1.0
1.0
1.0
1.0
1.0
1.0
0.9263803680981595
1.0
1.0
1.0
0.9114754098360656
1.0
1.0
1.0
1.0
1.0
0.8888888888888888
1.0
1.0
1.0
1.0
1.0
1.0
1.0
1.0
1.0
1.0
0.9238578680203046
1.0
1.0
1.0
1.0
1.0
1.0
1.1603773584905661
1.1764705882352942
1.16
1.0
1.0
1.0
1.0
1.0
1.1395348837209303
1.0
1.0
1.0
1.0
1.0
1.0
1.0
1.0
1.0
1.0
1.0
1.0
1.0
1.0
1.0
1.018987341772152
1.0
1.1166666666666667
1.0
1.0
1.0625
1.0
1.011737089201878
1.003003003003003
1.0
1.0
1.0
1.0
1.0043956043956044
1.0
1.0
1.0090634441087614
1.0
1.040590405904059
1.0
1.0347490347490347
1.0
1.0
0.8888888888888888
1.0
1.0
1.0
1.0149253731343284
1.0
1.0
1.0
1.0
1.0
1.0
1.0
1.0
1.0
1.0
1.0
1.0
1.329268292682927
1.0
1.0
1.0
1.0
1.0
1.0
1.0
1.0
1.0
1.0
1.0
1.0
1.0
0.6730769230769231
1.0229007633587786
1.0
1.0
1.0
1.0
1.2313432835820894
1.0
1.0
1.0
1.0
1.0
1.0
0.9680851063829787
1.0
0.975975975975976
1.0
0.9574468085106383
1.0
1.0
1.0
1.1166666666666667
1.0038535645472062
1.0
1.0
1.0
1.2210526315789474
1.0
1.0
1.0
1.0
1.0
1.0
1.0
1.0
1.0
1.0
1.0
1.0
1.0
1.0
1.0
1.0
1.0
1.0
1.0
1.0
1.1728971962616823
1.0
1.0
1.0
1.0
1.1035714285714286
1.0
1.0221238938053097
1.0
1.0
1.0
1.0
1.0
1.0
1.0043956043956044
1.0
1.0
1.0
1.0
1.0
1.0
1.0
1.0
1.0
1.0
1.0
1.0
1.0149253731343284
1.0
1.0
1.0
1.0
1.0
1.0
1.0
1.0
1.0
1.0
1.0
1.0
1.0
1.0
1.0
1.0
1.0
1.0
1.0
1.0
1.0
1.0
0.6730769230769231
1.0229007633587786
1.0
1.0
1.0
1.0
1.0
1.0
1.0
1.0
1.0
1.0
1.0
1.0
1.0
0.975975975975976
1.0
0.9574468085106383
1.0
1.1166666666666667
1.0
1.0
1.1520912547528517
1.0
1.2210526315789474
1.0
1.0
1.13903743315508
1.2959183673469388
1.0
1.0
1.0
1.0
1.0
1.0603015075376885
1.0
1.0
1.0
1.0
1.0
1.0
1.0
1.1258278145695364
1.0
1.0
1.0
1.0769230769230769
1.0
1.0
1.0
1.0
1.0221238938053097
1.0
1.0
1.0719424460431655
1.0
1.0
1.1590909090909092
1.0061349693251533
1.0
1.0
1.11
1.0043956043956044
1.0
1.0
1.0
1.0
1.0
1.0
1.0149253731343284
1.0
1.0
1.0
1.0
1.0
1.0
1.0
1.0
1.0
1.329268292682927
1.0
1.0
1.0
1.0
1.0
1.0
1.0
1.0
1.176991150442478
1.0
1.0
1.0
1.0
1.0
1.0
0.6730769230769231
1.0229007633587786
1.0
1.0
1.0
1.0
1.0
1.0
1.0
1.0
1.0
1.0
1.0
1.0
1.0
0.975975975975976
1.0
0.9574468085106383
1.0
1.1166666666666667
1.0
1.0
1.0
1.0
1.2210526315789474
1.0
1.0
1.0
1.0
1.3265306122448979
1.0
1.7666666666666666
1.0
1.0
1.0
1.0
1.0
1.0
1.0
1.0
1.0
1.0
1.0
1.0
1.0
1.0
1.1258278145695364
1.0
1.0
1.0
1.0769230769230769
1.0
1.0
1.0
1.0
1.0
1.0
1.0
1.0221238938053097
1.0
1.0
1.0
1.0
1.0
1.32
1.0
1.0
1.0
1.0
1.0
1.0
1.0
1.0
1.0
1.024
1.0
1.0
1.2
1.0
1.0
1.0
1.0
1.0
1.0
1.0
1.040677966101695
1.0
1.0
1.0
1.0
0.6730769230769231
1.0
1.0
1.0
1.0
1.0
1.0
1.0
1.0
0.9680851063829787
1.0
1.0
1.0
1.0
1.0
1.0
1.0
1.0
1.0
1.0
1.0
1.0
1.0
1.0
1.0
1.8305084745762712
1.0
1.0
1.0
1.0
1.0
1.0
1.0
1.0
1.0
1.0
1.0149253731343284
1.0
1.0
1.0
1.0
1.0192307692307692
1.0
1.0
1.0
1.2195121951219512
1.0
1.0
2.8205128205128207
1.0
1.064406779661017
1.0
1.247787610619469
1.0
1.0
1.0
1.0
1.0
1.0
1.0
0.6730769230769231
1.0
1.0
1.0
1.0
1.0
1.0
1.0
1.0
1.0
1.0
1.0
1.0
0.9574468085106383
1.0
1.1166666666666667
1.0
1.0
1.0
1.0
1.2210526315789474
1.0
1.0
0.8324607329842932
1.0
1.0
1.13903743315508
1.3265306122448979
1.0
1.0
1.0
1.0
1.0
1.0
1.0
1.0
1.0
1.0
1.0
1.0
1.1258278145695364
1.0
1.0
1.0
1.1728971962616823
1.0769230769230769
1.0
1.0
1.0
1.0221238938053097
1.0
1.0
1.0
1.0
1.0
1.3428571428571427
1.0
1.0
1.0
1.0
1.0
1.0
1.0
1.0
1.0
1.0
1.0
1.0149253731343284
1.0
1.0
1.0
1.0
1.0192307692307692
1.0
1.0
1.0
1.2195121951219512
1.0
1.0
2.8205128205128207
1.0
1.064406779661017
1.0
1.247787610619469
1.0
1.0
1.0
1.0
1.0
1.0
1.0
0.6730769230769231
1.0
1.0
1.0
1.0
1.0
1.0
1.0
1.0
1.0
1.0
1.0
1.0
0.9574468085106383
1.0
1.1166666666666667
1.0
1.0
1.0
1.0
1.2210526315789474
1.0
1.0
0.8324607329842932
1.0
1.0
1.13903743315508
1.3265306122448979
1.0
1.0
1.0
1.0
1.0
1.0
1.0
1.0
1.0
1.0
1.0
1.0
1.1258278145695364
1.0
1.0
1.0
1.1728971962616823
1.0769230769230769
1.0
1.0
1.0
1.0221238938053097
1.0
1.0
1.0
1.0
1.0
1.3428571428571427
1.0
1.0
1.0
1.0
1.0
1.0
1.0
1.0
1.0219941348973607
1.0078616352201257
1.0
1.0
1.0
1.0049751243781095
1.0
1.0
1.116564417177914
1.0
1.0
1.0
1.0
1.0
1.0
1.0
1.0
1.0
0.9114754098360656
1.0
1.0
0.8888888888888888
1.0
1.0
1.0
1.0099502487562189
1.0
1.0
1.0
0.9238578680203046
1.0
1.0
1.0
1.0
1.0
1.1603773584905661
1.16
1.0
1.0
1.0
1.0
1.0
1.0
1.0
1.0
1.0
1.0
1.0
0.40441176470588236
1.0
1.0
1.0
1.0
1.0
1.0
1.0
1.0
1.0
1.0
1.0
1.0625
1.0
1.0
1.011737089201878
1.003003003003003
1.0
1.0
1.0
1.0
1.024
1.0
1.0
1.0
1.0
1.0
1.0
1.0
1.0
1.0
1.0
1.0
1.0
1.040677966101695
1.0
1.0
1.0
1.0
0.6730769230769231
1.0
1.0
1.0
1.0
1.0
1.0
1.0
1.0
1.0
0.9680851063829787
1.0
1.0
1.0
1.0
1.0
1.0
1.0
1.0
1.0
1.0625
1.0
1.0
1.0
1.0
1.0
1.0
1.0
1.0
1.0
1.0
1.0
1.0
1.0
1.0
1.0
1.0
1.0
1.0
1.0
1.0
1.0
1.0
1.0
1.0
1.0
1.040677966101695
1.0
1.0
1.0
1.0
0.6730769230769231
1.0
1.0
1.0
1.0
1.0
1.0
1.0
1.0
1.0
0.9680851063829787
1.0
1.0
1.0
1.0
1.0
1.0
1.0
1.0
1.0
1.0625
1.0
1.0
1.0
1.0
1.0
1.0
1.0
1.0
1.0
1.0
1.0
1.0
1.0043956043956044
1.0
1.0
1.0
1.0
1.0
1.0
1.0
1.0
1.0
1.0
1.0
1.0149253731343284
1.0
1.0
1.0
1.0
1.0
1.0
1.0
1.0
1.0
1.0
1.0
1.329268292682927
1.0
1.0
1.0
1.0
1.0
1.247787610619469
1.0
1.0
1.0
1.0
1.0
1.0
1.0
1.0229007633587786
1.0
1.0
1.0
1.0
1.0
1.0
1.0
1.0
1.0
1.0
1.0
0.975975975975976
1.0
0.9574468085106383
1.1774193548387097
1.1166666666666667
1.0
1.0
1.0
1.0
1.2210526315789474
1.0
1.0
1.0
1.0
1.13903743315508
1.3265306122448979
1.0
1.0
1.0
1.0
1.0
1.0
1.0
1.0
1.0
1.0
1.0
1.0
1.0
1.0
1.1258278145695364
1.0
1.0
1.0
1.0769230769230769
1.0
1.0
1.0
1.0
1.0
1.0221238938053097
1.0
1.0
1.0
1.1590909090909092
1.0
1.0
1.11
1.7216117216117217
1.0043956043956044
1.0
1.1565836298932384
1.0
1.0
1.0
1.0
1.0
1.0
1.0149253731343284
1.0
1.0
1.0
1.0
1.6714285714285715
1.1134020618556701
1.0
1.0
1.0
1.0
1.329268292682927
1.0
1.0
1.0
1.0
1.0
1.0
1.0
1.0372093023255815
1.0
1.0
1.0
0.6730769230769231
1.0229007633587786
1.0
1.0
1.0
1.0
1.0
1.0
1.0
1.0
1.0
1.0
1.0
1.0
1.0
1.0
0.975975975975976
1.0
0.9574468085106383
1.0
1.1166666666666667
1.0
1.0
1.0
1.2210526315789474
1.0
1.0
1.0
1.0
1.0
1.0
1.0
1.0
1.0
1.0
1.0
1.0
1.0
1.0
1.0
1.0
1.0
1.1258278145695364
1.0
1.0
1.1728971962616823
1.0
1.0
1.0
1.0221238938053097
1.0
1.0
1.0
1.0
1.0
1.0
1.1944444444444444
1.0
1.0
1.0043956043956044
1.0
1.0
1.0
1.0
1.0
1.0
1.0
1.0
1.0
1.0
1.0
1.0
1.032258064516129
1.0
1.048
1.0
1.0
1.00990099009901
1.0
1.0
1.0
1.0
1.0
1.0
1.0
1.0
1.0
0.6730769230769231
1.0229007633587786
1.0
1.0
1.0
1.0
1.0
1.0
1.0
1.0
1.0
1.0
1.0
1.0
0.4
1.0
0.9574468085106383
1.0
1.1166666666666667
1.0
1.0
1.0
1.0
1.2210526315789474
1.0
1.0
1.0
1.13903743315508
1.0
1.0
1.0
1.0
1.0
1.0
1.0
1.0
1.0
1.1258278145695364
1.0
1.0
1.1728971962616823
1.0
1.0
1.0
1.0221238938053097
1.0
1.0
1.0
1.0
1.0043956043956044
1.0
1.0
1.0
1.0
1.0
1.0
1.0
1.0
1.0
1.0
1.0149253731343284
1.0
1.0
1.0
0.8961748633879781
1.0
1.0
1.0
1.0
1.0
1.0
1.0
1.0
1.0
1.329268292682927
1.0
1.0
1.0
1.0
1.0
1.0
1.0
1.0
1.0
1.0
0.6730769230769231
1.0229007633587786
1.0
1.0
1.0
1.0
1.0
1.0
1.0
1.0
1.0
1.0
1.0
1.0
1.0
1.0
0.975975975975976
1.0
0.9574468085106383
1.0
1.1166666666666667
1.0
1.0
1.1520912547528517
1.0
1.0
1.0
1.0
1.13903743315508
1.2959183673469388
1.0
1.0
1.0
1.0
1.0
1.0
1.0603015075376885
1.0
1.0
1.0
1.0
1.0
1.0
1.0
1.0
1.1258278145695364
1.0
1.0
1.1728971962616823
1.0769230769230769
1.0
1.0
1.0
1.0
1.0
1.0
1.0221238938053097
1.0
1.0
1.0
1.0
1.0
1.0
1.0
1.0043956043956044
1.0
1.0
1.0
1.0
1.0
1.0
1.0
1.0
1.0
1.0
1.0
1.0
1.0149253731343284
1.0
1.0
1.0
1.0
1.0
1.0
1.0
1.0
1.0
1.0
1.0
1.0
1.0
1.0
1.0
1.0
1.0
1.0
1.0
1.0
1.0
0.6730769230769231
1.0229007633587786
1.0
1.0
1.0
1.0
1.0
1.0
1.0
1.0
1.0
1.0
1.0
1.0
1.0
0.975975975975976
1.0
0.9574468085106383
1.0
1.1166666666666667
1.0
1.0
1.1520912547528517
1.0
1.2210526315789474
1.0
1.0
1.0
1.0
1.13903743315508
1.2959183673469388
1.0
1.0
1.0
1.0
1.0
1.0
1.0603015075376885
1.0
1.0
1.0
1.0
1.0
1.0
1.0
1.1258278145695364
1.0
1.0
1.0
1.0
1.0769230769230769
1.0
1.0
1.0
1.0
1.0
1.0221238938053097
1.0
1.0
1.0719424460431655
1.0
1.0
1.1590909090909092
1.0061349693251533
1.0
1.0
1.11
1.0043956043956044
1.0
1.0
1.0
1.0
1.0
1.0
1.0
1.0
1.0
1.0
1.0
1.0
1.0149253731343284
1.0
1.0
1.0
1.0
1.0
1.0
1.0
1.0
1.0
1.0
1.0
1.0
1.0
1.0
1.0
1.0
1.0
1.0
1.0
1.0
1.0
1.0
0.6730769230769231
1.0229007633587786
1.0
1.0
1.0
1.0
1.0
1.0
1.0
1.0
1.0
1.0
1.0
1.0
1.0
0.975975975975976
1.0
0.9574468085106383
1.0
1.1166666666666667
1.0
1.0
1.1520912547528517
1.0
1.2210526315789474
1.0
1.0
1.0
1.0
1.13903743315508
1.2959183673469388
1.0
1.0
1.0
1.0
1.0
1.0603015075376885
1.0
1.0
1.0
1.0
1.0
1.0
1.0
1.1258278145695364
1.0
1.0
1.0
1.0
1.0769230769230769
1.0
1.0
1.0
1.0
1.0
1.0221238938053097
1.0
1.0
1.0
1.1590909090909092
1.0059171597633136
1.0
1.0
1.11
1.0
1.0
1.0
1.0
1.0
1.0219941348973607
1.0078616352201257
1.0
1.0
1.0
1.0049751243781095
1.0
1.0
1.116564417177914
1.0
1.0
1.0
1.0
1.0
1.0
1.0
1.0
1.0
1.0
0.9114754098360656
1.0
1.0
0.8888888888888888
1.0
1.0
1.0
1.0
1.0
1.0
0.9238578680203046
1.0
1.0
1.0
1.0
1.0
1.1603773584905661
1.16
1.0
1.0
1.0
1.0
1.0
1.0
1.0
1.0
1.0
1.0
1.0
0.40441176470588236
1.0
1.0
1.0
1.0
1.0
1.0
1.0
1.0
1.0
1.0
1.018987341772152
1.0
1.0625
1.0
1.011737089201878
1.003003003003003
1.0
1.0
1.0740740740740742
1.0043956043956044
1.005128205128205
1.0
1.0
1.0
1.0
1.0
1.0
1.0
1.0
1.0149253731343284
1.0
1.0
1.0
1.632183908045977
1.0
1.0566037735849056
1.0
1.0
1.0
1.0
1.0
1.0
1.0
1.0
1.0
1.247787610619469
1.0
1.0
1.0
1.0
1.0
1.0
0.6730769230769231
1.0229007633587786
1.0
1.0
1.0
1.0
1.0
1.0
1.0
1.0
1.0
1.0423076923076924
1.0
1.0
0.975975975975976
1.0
0.9574468085106383
1.0
1.1166666666666667
1.0
1.0
1.0
1.0
1.0
1.0
1.2210526315789474
1.0
1.0
1.0
1.0
1.0
1.2959183673469388
1.0
1.0
1.0
1.0
1.0
1.0
1.0603015075376885
1.0
1.0
1.0
1.0
1.0
1.0
1.0
1.1258278145695364
1.0
1.0
1.0
1.0
1.0
1.0
1.0
1.0221238938053097
1.0
1.0
1.0
1.0
1.0043956043956044
1.0
1.0
1.0
1.0
1.0
1.0
1.0
1.0
1.0
1.0149253731343284
1.0
1.0
1.0
1.0566037735849056
1.3636363636363635
1.0
1.0
1.0
1.0
1.0
1.0
1.0
1.0
1.0
1.0
1.0
1.0
1.0
1.0
1.0
1.0
0.6730769230769231
1.0229007633587786
1.0
1.0
1.0
1.0
1.0
1.0
1.0
1.0
1.0
1.0
1.0
1.0423076923076924
0.9680851063829787
1.0
0.975975975975976
1.0
0.9574468085106383
1.0
1.1166666666666667
1.0
1.0
1.1520912547528517
1.0
1.2210526315789474
1.0
1.0
1.0
1.0
1.0
1.3265306122448979
1.0
1.0
1.0
1.0
1.0
1.0
1.0
1.0437956204379562
1.0
1.0
1.0
1.0
1.0
1.0
1.1258278145695364
1.0
1.0
1.1728971962616823
1.0
1.0
1.0
1.5517241379310345
1.0
1.0
1.0919540229885059
1.0
1.0221238938053097
1.0
1.0
1.0
1.0
1.0
1.0
1.0
1.0
1.0
1.0
1.0043956043956044
1.0
1.0
1.0
1.0
1.0
1.0
1.0
1.0
1.0
1.0149253731343284
1.0
1.0
1.0
1.6714285714285715
1.0
1.0
1.0
1.0
1.329268292682927
1.0
1.0
1.0
1.0
1.0
1.0
1.8918918918918919
1.0
1.0
1.0
1.0
1.0
1.0229007633587786
1.0
1.0
1.0
1.0
1.0
1.0
1.0
1.0
1.0
1.0
1.0
0.975975975975976
1.0
0.9574468085106383
1.0
1.1166666666666667
1.0
1.0
1.0
1.211320754716981
1.119606772255598
1.2210526315789474
1.0
1.0
1.0
1.0
1.13903743315508
1.3265306122448979
1.0
1.0
1.0
1.0
1.0
1.0
1.0
1.0
0.96
1.0
1.0
1.0
1.0
1.0
1.0
1.1258278145695364
1.0
1.0
1.0
1.0
1.0
1.0
1.5517241379310345
3.142857142857143
1.0
1.0221238938053097
1.0
1.0
1.0
1.0
1.0
1.0076103500761036
1.0043956043956044
1.0
1.0
1.0
1.0
1.0
1.0
1.0
1.0149253731343284
1.0
1.0
1.0
1.0
1.1134020618556701
1.0
1.0
1.0
1.0
1.0
1.329268292682927
1.0
1.0
1.0
2.8205128205128207
1.0
1.0
1.0
1.0
1.0
1.0
1.0
1.0
1.0
0.6730769230769231
1.0229007633587786
1.0
1.0
1.0
1.0
1.0
1.0
1.0
1.0
1.0
1.0
1.0
1.0
0.975975975975976
1.0
0.9574468085106383
1.1774193548387097
1.1166666666666667
1.0
1.0
1.0
1.2210526315789474
1.0
1.0
0.8324607329842932
1.0
1.0
1.0
1.0
1.0
1.0
1.0
1.0
1.0
1.0
1.0
1.0
1.0
1.0
1.1258278145695364
1.0
1.0
1.2289719626168225
1.0
1.0
1.0
1.0
1.0
1.0
1.0
1.0
1.0
1.1571428571428573
1.0
1.0
1.0
1.0
1.0043956043956044
1.0
1.0
1.0
1.0
1.0
1.0
1.0
1.0
1.0149253731343284
1.0
1.0
1.0
1.0
1.329268292682927
1.0
1.0
1.0
2.8205128205128207
1.064406779661017
1.0
1.176991150442478
1.0
1.0
1.0
1.0
1.0
1.0
0.6730769230769231
1.0229007633587786
1.0
1.0
1.0
1.0
1.0
1.0
1.0
1.0
1.0
1.0
0.975975975975976
0.9574468085106383
1.1774193548387097
1.1166666666666667
1.0
1.0
1.0
1.0
1.0
1.0
1.0
1.0
1.13903743315508
1.3265306122448979
1.0
1.0
1.0
0.9289617486338798
1.0
1.0
1.0
1.0
1.0
1.0
1.0
1.0
1.0
1.0
1.1728971962616823
1.0769230769230769
1.0
1.0
1.0
1.0
1.0221238938053097
1.0
1.0
1.0
1.3428571428571427
1.0
1.0
1.0
1.0043956043956044
1.0
1.0
1.0
1.0
1.0
1.0
1.0
1.0
1.0149253731343284
1.0
1.0
1.0
1.0
1.0
1.0
1.048
1.0
1.0
1.00990099009901
1.0
1.0
1.0
1.0
1.0
1.0
1.0
1.0
1.0
1.0
1.0
0.6730769230769231
1.0229007633587786
1.0
1.0
1.0
1.0
1.0
1.0
1.0
1.0
1.0
1.0
1.0
1.0
1.0
0.4
1.0
0.9574468085106383
1.0
1.1166666666666667
1.2446808510638299
1.0
1.0
1.0
1.0
1.2210526315789474
1.0
1.0
1.0
1.0
1.13903743315508
1.0
1.0
1.0
1.0
1.0
1.0
1.0
1.0
1.0
1.1258278145695364
1.0
1.0
1.1728971962616823
1.0
1.0
1.0221238938053097
1.0
1.0
1.0
1.0
1.0
1.0
1.0
1.0
1.0
1.0
1.0089086859688197
1.0
1.0
1.0
1.0
1.0
1.0
1.0
1.0
1.0
1.0
1.3103448275862069
1.0
1.0
1.0
1.0
1.0
1.0
1.0
1.0
1.0
1.0
1.2127659574468086
0.40441176470588236
1.0
1.0
1.0
1.0
1.0
1.040677966101695
1.0
1.0
1.0
1.0
1.0
1.0
0.6730769230769231
1.0
1.0
1.0
1.0
1.0
1.0
1.0
1.0
1.0
1.0
0.9680851063829787
1.0
1.0
1.0
1.0
1.1166666666666667
1.0038535645472062
1.0
1.0
1.0
1.2210526315789474
1.0
1.0
1.0625
1.0
1.13903743315508
1.0
1.0
1.0
1.0
1.0
1.0
1.0
1.0
0.8278145695364238
1.1728971962616823
1.0
1.0681818181818181
1.0
1.0
1.0
1.0038535645472062
1.0
1.0089086859688197
1.0
0.9646017699115044
1.0
1.0
1.0
1.0
1.0
1.0
1.0
1.024
1.0
1.0
1.0
1.0
1.0
1.0
1.0
1.0
1.0
1.0
1.0
1.0
1.0
1.0
1.0
1.0
1.0
1.0
1.0
1.0
1.0
1.0
1.0
0.40441176470588236
1.0
1.0
1.0
1.0
1.0
1.040677966101695
1.0
1.0
1.0
1.0
1.0
1.0
1.0
1.0
0.6730769230769231
1.0
1.0429141716566865
1.0
1.0
1.0
1.0
1.0
1.0
0.9680851063829787
1.0
1.0
1.0
1.0
1.0
1.0
1.1166666666666667
1.0038535645472062
1.0
1.0
1.0
1.0704225352112675
1.0
1.0
1.0625
1.0
1.0
1.0
0.9289617486338798
1.0
1.0
1.0
0.9221411192214112
1.0
1.0
1.0
1.0
1.0
1.0
1.1035714285714286
1.0
1.0
1.0
1.0207792207792208
1.0
1.021138211382114
1.0
1.0380952380952382
1.0
1.0
1.0
1.0077120822622108
1.0
1.0
1.0
1.0
1.0308641975308641
0.9646017699115044
1.0
1.0
1.0
1.0
1.0
1.0
1.0
1.0
1.0
1.0
1.0
1.0
0.9848484848484849
1.0
0.8888888888888888
1.0
1.0
1.0
0.89453125
1.0
1.0
1.0
1.0
1.0
1.0
1.0
1.0
1.0
1.0
1.0
1.0
1.0
1.0169491525423728
1.018018018018018
1.0
1.0
1.0
1.0
1.0
1.0
1.0
1.0
1.0
0.40441176470588236
1.0
1.0
1.0
1.0
1.0
1.0
1.0
1.0
1.0
1.0
1.0
1.0
1.0
1.0
1.0
1.0
0.6730769230769231
1.0
1.0
1.0
1.0
1.0
1.0
1.0
1.0
1.0
1.0
1.0
1.0
1.0
1.0
1.0
1.0625
1.0
1.0
1.0
1.0
1.0
1.0
1.0
1.0
1.0
1.0
1.0
1.0
1.0
1.0
1.0
1.0
1.0
1.0207792207792208
1.0
1.021138211382114
1.0
1.0
1.0
1.0077120822622108
0.979539641943734
1.0
1.0
1.0
1.0
1.0
1.0
1.0
1.0
1.0
1.0
0.8888888888888888
1.0
1.0
0.89453125
1.0
1.0
1.0
1.0
0.8875739644970414
1.0
1.0
1.0
1.0
1.0
1.0169491525423728
1.0
0.7794117647058824
1.0
1.0
1.0
1.0
1.0
1.0
1.0
1.0
1.0
1.0904392764857882
1.0
1.0
1.0
1.0
1.0
1.0
1.0
1.0
1.0
1.0
1.0
1.0
0.6730769230769231
1.0
1.0
1.0
1.0
1.0
1.0
1.0
1.0
1.0
1.0
1.0
1.0
1.0
1.0
1.0
1.0
1.0
1.0
1.0
1.0
1.0
1.0
1.0
1.0
1.0
1.0221238938053097
1.0
1.007704160246533
1.0
1.0043956043956044
1.0049751243781095
1.0
1.0
1.0
1.0
1.0
1.0
1.0
1.0
1.0149253731343284
1.0
1.0
1.0
1.0
1.6714285714285715
1.0566037735849056
1.0
1.0
1.0
1.329268292682927
1.0
1.0
1.0
1.0
1.247787610619469
1.0
1.0
1.0
1.0
1.0
1.0
1.0229007633587786
1.0
1.0
1.0
1.0
1.0
1.0
1.0
1.0
1.0
1.0423076923076924
1.0
0.975975975975976
1.0
0.9574468085106383
1.0
1.1166666666666667
1.0
1.0
1.0
1.0
1.0
1.2210526315789474
1.0
1.0
1.0
1.0
1.13903743315508
1.2959183673469388
1.0
1.0
1.0
1.0
1.0
1.0
1.0
1.0
1.0
1.0
1.1258278145695364
1.0
1.0
1.1728971962616823
1.0
1.0
1.0
1.5517241379310345
1.0
1.0
1.0
1.0
1.0
1.0221238938053097
1.0
1.0
1.0
1.1699029126213591
1.0
1.0
1.0
1.0
1.0043956043956044
1.0
1.0
1.0
1.0
1.0
1.0
1.0
1.0
1.0149253731343284
1.0
1.0
1.0
1.0
1.0
1.0566037735849056
1.0
1.0
1.0
1.0
1.0
1.0
1.329268292682927
1.0
1.0
1.0
1.0
1.0
1.0
1.247787610619469
1.0
1.8918918918918919
1.0
1.0
1.0
1.0
1.0
1.0
0.6730769230769231
1.0229007633587786
1.0
1.0
1.0
1.0
1.0
1.0
1.0
1.0
1.1705069124423964
1.0
1.0
1.0423076923076924
1.0
0.975975975975976
1.0
0.9574468085106383
1.0
1.1166666666666667
1.0
1.0
1.0
1.2210526315789474
1.0
1.0
1.0
1.0
1.0
1.0
1.2959183673469388
1.0
1.0
1.0
1.0
1.0
1.0
1.0
1.0
1.0
1.0
1.1258278145695364
1.0
1.0
1.0
1.0769230769230769
1.0
1.0
0.9885057471264368
1.0
1.0
1.0
1.0
1.0221238938053097
1.0
1.0
1.0
1.0
1.0
1.0
1.0
1.5205479452054795
1.0
1.0
1.0043956043956044
1.0
1.0
1.0
1.0
1.0
1.0
1.0
1.0
1.0149253731343284
1.0
1.0
1.0
1.0
1.0
1.0
1.048
1.0
1.0
1.00990099009901
1.0
1.0
1.0
1.0
1.0
1.0
1.0
1.0
1.0
1.0
1.0
0.6730769230769231
1.0229007633587786
1.0
1.0
1.0
1.0
1.0
1.0
1.0
1.0
1.0
1.0
1.0
1.0
1.0
0.4
1.0
0.9574468085106383
1.0
1.1166666666666667
1.2446808510638299
1.0
1.0
1.0
1.0
1.2210526315789474
1.0
1.0
1.0
1.0
1.13903743315508
1.0
1.0
1.0
1.0
1.0
1.0
1.0
1.0
1.0
1.1258278145695364
1.0
1.0
1.1728971962616823
1.0
1.0
1.0221238938053097
1.0
1.0
1.0
1.0
1.0
