1.0
1.0
0.9691943127962085
1.0
1.0
1.0
0.9945652173913043
1.0
0.9956896551724138
1.0
0.9924812030075187
1.0
1.0
1.0
0.9605911330049262
1.0
0.9938144329896907
1.2160356347438752
1.0
1.0
0.9691943127962085
1.0
1.0
1.0
0.9945652173913043
1.0
0.9956896551724138
1.0
0.9924812030075187
1.0
1.0
1.0
0.9605911330049262
1.0
0.9938144329896907
1.0
1.0
1.0
1.0
1.0
1.0
1.0
1.0
0.9956896551724138
1.0
0.9924812030075187
1.0
1.0
1.0
1.0
1.0
1.0
1.0
1.0
0.9691943127962085
1.0
1.0
1.0
0.9945652173913043
1.0
0.9956896551724138
1.0
0.9924812030075187
1.0
1.0
1.0
0.9605911330049262
1.0
0.9938144329896907
1.0
1.0
0.9691943127962085
1.0
1.0
1.0
0.9945652173913043
1.0
0.9956896551724138
1.0
0.9924812030075187
1.0
1.0
1.0
0.9605911330049262
0.9938144329896907
