1.0
1.0
1.0
1.0323624595469256
1.0
1.0
1.0
1.0
1.0
1.0
1.0
0.4074074074074074
1.0
1.0
1.076086956521739
1.0
1.0
1.0
0.9265734265734266
1.0323624595469256
1.0
1.0
1.0
1.2900763358778626
1.1229508196721312
1.0
1.0
1.0262295081967212
1.0
1.0
1.0
1.0
1.0323624595469256
1.0
1.0
1.0
1.0
1.0
1.0
1.0
1.0323624595469256
1.0
1.0
1.0
1.0
1.0
1.0
1.0
1.0
1.0
1.0
1.0
1.0
1.0323624595469256
1.0
1.0
1.0
1.3970588235294117
1.0
1.0323624595469256
1.0
1.0
1.043
1.0
1.0
1.0
1.0
1.0323624595469256
1.0
1.403225806451613
1.0
1.5890410958904109
1.0
0.7272727272727273
1.0
1.0323624595469256
1.0
1.125
0.8818181818181818
0.8076923076923077
1.0
1.1229508196721312
1.0
1.0
1.0
0.7596153846153846
1.0
1.0
1.0
1.0323624595469256
1.0
1.0
0.996415770609319
1.0
1.0
1.0
1.0
1.0033783783783783
1.0364963503649636
1.0
1.0795454545454546
1.0
1.0
1.0
1.0
1.0
1.0
0.7596153846153846
1.0
1.0
1.0
1.0323624595469256
1.0
1.0
0.996415770609319
1.0
1.0
1.0
1.0323624595469256
1.0
1.0
1.0
1.0
1.0
1.0
1.0323624595469256
1.0
1.0
1.0
1.0
1.0
1.0
1.0
1.0323624595469256
1.0
1.0
1.0
1.0
1.5890410958904109
1.1927083333333333
0.8269230769230769
1.0
1.0
1.0065359477124183
1.0
1.0
1.0
1.0323624595469256
1.0
0.9115384615384615
2.141304347826087
1.0
1.0
1.0
1.1229508196721312
1.0512820512820513
1.0
1.0
1.0
1.0
1.0
1.0033783783783783
1.0323624595469256
1.0
1.0
1.0
1.0
1.0
1.0
1.0
1.0217391304347827
1.0
1.0
1.0
1.0
1.0323624595469256
1.0
1.0
1.0
1.0
1.2876712328767124
1.0
1.0
1.0
1.0
1.3970588235294117
1.0
1.0
1.0
1.0323624595469256
1.0
1.0
1.0
1.0
1.0
1.0262295081967212
1.0
1.0
1.2994011976047903
1.0
1.0323624595469256
1.0
1.0
1.0
1.0
1.0
1.0
1.0
1.0
0.9303482587064676
1.1818181818181819
1.0
1.0323624595469256
1.0
1.0
1.0
1.0
1.0
1.10239651416122
1.0
1.1818181818181819
1.0
1.0323624595469256
1.0
1.0
1.0
1.0126582278481013
1.0
1.0
1.0
1.0
1.0
1.0
1.0323624595469256
1.0
1.2961538461538462
1.0
1.0
1.0
3.0597014925373136
1.0
1.0
1.1818181818181819
1.0
1.0323624595469256
1.0
1.0
1.0795454545454546
1.0
1.0
1.0
1.0
1.0
1.0
1.0
1.0
1.0
1.0
1.0323624595469256
1.0
1.0846153846153845
1.0849056603773586
2.141304347826087
1.2650602409638554
1.0
1.0
1.0
1.0
1.0
1.0
1.3970588235294117
0.7272727272727273
1.0
1.0323624595469256
1.0
1.5890410958904109
0.8785714285714286
1.0489795918367346
1.0
1.0
1.0
1.1148325358851674
1.0
1.0323624595469256
1.073482428115016
0.7734375
1.0
1.0
2.2135416666666665
1.0
1.0359212050984936
1.0
1.0
1.0
1.0
1.0
1.0
1.0323624595469256
1.0481283422459893
1.0
1.0
1.0
1.0
1.0
1.0
1.0323624595469256
1.0
1.0
1.5890410958904109
0.9792694965449161
0.9955307262569832
1.0
1.0
1.135135135135135
1.0
1.3963963963963963
1.0
1.0223880597014925
1.0551181102362204
1.0
1.030612244897959
1.0
1.0
1.0
0.7272727272727273
1.0
1.0
1.0
1.0
1.0
1.016
1.0
1.0323624595469256
1.0
0.5159574468085106
1.0
1.0
1.0
1.0
1.1229508196721312
1.0
1.0362903225806452
1.0
1.0
1.0
1.0
1.0
1.0
1.0
1.0323624595469256
1.0
1.0
1.0
1.0
1.0
1.0
1.0
1.0
1.0
1.0
1.0210896309314588
1.1229508196721312
1.0
1.0
1.0
1.0
1.0
1.0323624595469256
1.0
1.0
1.0
1.0
1.0
1.0
1.0210896309314588
1.0
1.1229508196721312
0.9180327868852459
1.0
1.0
1.0
1.0
1.0
1.0
1.0
1.0323624595469256
1.0
1.0
1.0
1.0
1.0
1.0
0.9709302325581395
1.0210896309314588
1.1229508196721312
1.0
1.0
1.25
1.0
1.0
1.0
1.0
1.0
1.0323624595469256
1.0
1.0846153846153845
1.0
1.0
1.0
1.0359212050984936
1.0766423357664234
1.0
1.0
1.0
1.1818181818181819
1.0
1.0323624595469256
1.0
1.0
1.0
1.0
1.0
1.0
1.0
1.0
1.0
1.0
1.1818181818181819
1.0657534246575342
1.0
1.0
1.0
1.0
1.0
1.0
1.0
1.1092436974789917
1.0
1.1818181818181819
1.0
1.0
1.0
1.0323624595469256
1.0
1.0321100917431192
1.0
1.0
1.3227848101265822
1.0
1.0
1.0
1.0
1.0
1.0
1.0
1.0
1.0
1.0323624595469256
1.0
0.9115384615384615
1.0
1.2650602409638554
1.0
1.0
1.0512820512820513
1.0
1.3970588235294117
1.0
1.0323624595469256
1.0
1.0
1.0
1.0
1.0
1.0
1.0323624595469256
1.0
1.125
0.8818181818181818
1.0
1.0
0.9665970772442589
1.0
1.0
1.0
1.6923076923076923
1.126086956521739
1.1818181818181819
1.0
1.0
1.0
1.0
1.0323624595469256
1.0846153846153845
1.0
1.0
1.0
1.0
1.0
1.0
1.0
1.0
1.0
1.0
1.1818181818181819
1.0
1.0
1.0323624595469256
1.0
0.8260869565217391
1.0
1.0
1.0
1.0
1.0
1.0
1.0512820512820513
1.0
1.0
1.0
1.0
1.6923076923076923
1.1818181818181819
1.0
1.0323624595469256
1.0846153846153845
1.0
1.0
1.0
1.0
1.0842787682333874
1.4878048780487805
1.0
1.0
1.0
1.0
1.3970588235294117
0.7703703703703704
1.0
1.0
1.0323624595469256
1.0
1.0
1.0
1.176991150442478
1.0
1.0
1.0
1.1818181818181819
1.0
1.0
1.0323624595469256
1.0
1.0
1.0
1.0
1.0
1.0
1.0
1.0512820512820513
1.0
1.0
1.0
1.117117117117117
1.0
1.0
1.1818181818181819
1.0
1.0
1.0323624595469256
1.0
1.0
1.0
1.0
1.0
1.0
1.0
1.0459183673469388
1.0
1.0
1.0
1.0
1.1818181818181819
1.8513513513513513
1.0
1.0
1.0
1.0323624595469256
1.0
1.0
1.0
1.0
1.0
1.0
1.0
1.0512820512820513
1.0
1.0
1.0
1.0
1.0
1.0
1.1818181818181819
1.0
1.0
1.0
1.0323624595469256
1.0
1.0
1.0
1.0
1.0786516853932584
0.9665970772442589
1.0
1.0
1.0
1.0
1.0
1.1818181818181819
1.0
1.0323624595469256
1.0
1.0
1.0
1.0
1.0
1.0
1.0
1.0
1.1229508196721312
3.0597014925373136
1.0
1.0
1.3970588235294117
1.0
1.0323624595469256
1.0
1.0
1.0
1.0
1.0
1.0
1.0
1.0
1.0323624595469256
1.0
1.0
1.0097087378640777
1.0
1.0
1.0
1.0
1.0
1.2129032258064516
1.0
1.0
1.0
1.0
1.0
1.0
1.0323624595469256
1.0
1.0
1.0
1.0766423357664234
1.0
1.0
1.0
1.0
1.0323624595469256
1.0
1.0
1.0
1.0
1.0
1.0
1.0
1.0
1.0323624595469256
1.0
1.0
1.0097087378640777
1.0
1.0
1.0
1.0
1.2564102564102564
1.0
1.0
1.0
1.0
1.0323624595469256
1.0
1.0
1.0
1.0
1.0193003618817853
1.0
1.0
1.2773109243697478
1.0
1.1559322033898305
1.0
1.0
1.0
1.3970588235294117
1.0
1.0
1.0
1.0
1.0323624595469256
1.0
1.0
1.0
1.0
1.0
1.0
1.0
1.0
1.0
1.0
1.0
1.0
1.0
1.0
1.0323624595469256
1.0
1.2961538461538462
1.0
1.0
1.0
1.0
3.0597014925373136
1.0
1.0
1.0
1.0
1.0
1.0
1.0
1.8951048951048952
1.0323624595469256
1.0
1.0
1.0
1.0
1.4705882352941178
1.0
1.0
1.0195121951219512
1.0
1.0
1.0262295081967212
1.0
1.0
1.0323624595469256
1.0
1.0
1.0
1.0
1.0
1.0323624595469256
1.0
1.0
1.0
1.0262295081967212
1.0
1.0
1.0323624595469256
1.0
1.0
1.0
1.0
1.0
1.0
1.0
1.0
1.0323624595469256
1.0
1.2961538461538462
1.0
1.0
3.0597014925373136
1.0
1.0
1.0
1.0
1.0
1.0323624595469256
1.0
1.2961538461538462
1.0
1.0
3.0597014925373136
1.0
1.0
1.0323624595469256
1.0
1.0795454545454546
1.0
1.0
1.0
1.0
0.9778449144008057
1.0
1.3970588235294117
0.7272727272727273
1.12
1.0
1.0
1.016
1.0
1.0323624595469256
1.0
2.3577235772357725
0.9672131147540983
1.0
1.0
1.0
0.9411764705882353
1.0
1.0
0.9859154929577465
1.0
1.03125
1.0
1.0
1.0
1.0323624595469256
1.0
1.0
1.1566265060240963
1.0
1.0
1.0323624595469256
1.0
1.0
1.0
1.0
1.0
1.0
1.0
0.5187165775401069
1.0
1.0
1.0
1.0
1.0
1.0
1.0038610038610039
0.8953488372093024
1.0
1.0
1.0
1.0323624595469256
1.0
1.0262295081967212
1.0
1.0
1.0323624595469256
1.0
1.0
1.0
1.0
1.3970588235294117
1.0323624595469256
1.0
1.0
1.0262295081967212
1.0
1.0
0.9035087719298246
1.0323624595469256
1.0
1.0
1.0
1.0
1.0089086859688197
1.0
1.0
1.0323624595469256
1.0
1.0
1.0
1.0795454545454546
1.0262295081967212
1.0
1.0
1.0323624595469256
1.0
1.0
1.0
1.0262295081967212
1.0
1.0
1.0323624595469256
1.0
1.0
1.0
1.1221374045801527
1.0
1.0
1.0
1.0
1.0
1.0
1.0323624595469256
1.0
1.2961538461538462
1.0
1.0
3.0597014925373136
1.0
0.644
1.0
1.0025252525252526
1.1133004926108374
1.0
0.8404907975460123
1.3089430894308942
1.0
1.0
1.0323624595469256
1.1231527093596059
1.9393939393939394
1.0
1.0192926045016077
1.0213903743315509
1.0844155844155845
1.0
0.644
1.0
1.0
1.0378787878787878
1.0
1.0
1.0323624595469256
1.0
1.0
1.0
1.0
1.0
1.0
1.0
0.644
1.0
1.0378787878787878
1.0
1.0
1.0
1.0323624595469256
1.0
1.0
1.0
1.0
1.0
1.0
1.0844155844155845
1.0
0.644
1.0
1.0
1.0378787878787878
1.0
1.0
1.0323624595469256
1.0
1.0
1.0
1.0
1.0
1.0
1.25
1.0
1.0
1.0
1.0
1.0
1.0323624595469256
1.0
1.0
1.1016949152542372
1.0
0.9895561357702349
1.0
1.0
1.0
1.0
1.0
1.1532846715328466
1.0
1.0
1.0
1.0323624595469256
1.0
1.3970588235294117
0.7272727272727273
1.0323624595469256
1.0
1.0
1.0
1.0
1.0
1.3970588235294117
0.7272727272727273
1.0323624595469256
1.0
1.0
1.0
1.024390243902439
1.5890410958904109
1.0
1.0766423357664234
0.6237623762376238
1.0
1.0
1.0
1.076086956521739
1.0
1.148936170212766
1.0
1.0
1.0
1.0
1.0
1.0323624595469256
1.0
1.0
1.0
1.0
1.016470588235294
1.0
1.0
1.0
1.0
1.0323624595469256
1.0
1.0
1.0
1.0
1.0
0.887719298245614
1.0323624595469256
1.0
1.0
1.0
1.0
1.0909090909090908
1.0323624595469256
1.0
1.0
1.0
1.0
1.0323624595469256
1.0
1.0
1.0
1.0292887029288702
1.25
1.0
1.0223880597014925
1.3333333333333333
1.0
1.0
1.0
1.0
1.2961538461538462
1.0
2.3658536585365852
1.1288659793814433
1.0
1.0
0.9180327868852459
1.0
1.250965250965251
1.2844036697247707
0.6237623762376238
1.0
1.0
1.118811881188119
1.076086956521739
1.0
1.0
1.0
1.0
1.0
1.0
1.0
1.0
1.0679611650485437
1.0
1.0
1.0323624595469256
0.9115384615384615
1.0
1.0
1.0
0.9891891891891892
0.9652777777777778
1.0
1.0
0.6198198198198198
1.0
0.949748743718593
1.0
1.0
1.0323624595469256
1.0
1.0
1.0
1.0
1.0
1.0049751243781095
1.0
1.0
1.0
1.0
1.3970588235294117
0.7272727272727273
1.0323624595469256
1.0
1.0
1.0
1.0311284046692606
1.0
1.0
1.0
1.0
1.5348837209302326
1.0
1.0
1.0
1.3970588235294117
0.7272727272727273
1.0
1.0
1.016
1.0
1.0323624595469256
0.9672131147540983
1.0
1.0
1.0
1.3970588235294117
1.0
0.9919028340080972
1.016
1.0
1.0323624595469256
1.403225806451613
1.0
1.0
1.0
1.3970588235294117
1.0
0.9919028340080972
1.016
1.0
1.0323624595469256
1.403225806451613
1.0
1.0
1.0
1.1347150259067358
1.0
1.0
1.0
1.0
0.6953846153846154
1.0
1.0
1.016
1.0323624595469256
1.182456140350877
1.0
1.0
1.0
1.0
1.0
1.0
1.0
1.0
1.0
1.0
1.0
1.3333333333333333
0.6953846153846154
1.0
1.016
1.0
1.0323624595469256
1.0732484076433122
1.0
1.0
1.0
1.0
1.0
1.0
1.0
1.0
1.3970588235294117
0.7272727272727273
1.0
1.0
1.0
1.016
1.0323624595469256
1.0
0.95578231292517
1.0
1.0
1.0
1.0
1.0262295081967212
1.0
0.9766763848396501
1.0
1.0
1.0323624595469256
1.0
1.0
1.0
1.0
1.0
1.0
1.0
1.0
1.0188172043010753
1.0
1.0
1.0323624595469256
1.0
1.0
1.0795454545454546
1.0
1.0
1.0
1.3970588235294117
0.7272727272727273
1.3333333333333333
1.0
1.0323624595469256
1.0
1.0
1.0
1.0
1.0
1.0089086859688197
1.0
1.0
1.0323624595469256
1.0
1.0
1.0795454545454546
1.0
1.0
1.0
1.0
1.0
1.0
1.3970588235294117
1.0
1.0
1.0
1.0323624595469256
1.0
1.0
1.0
1.0
1.0415647921760391
1.0
1.0
1.0
0.9287410926365796
1.0
1.0
1.0
1.0089086859688197
1.0
1.0
1.0323624595469256
1.0
1.0
1.0795454545454546
1.0
1.0
1.0089086859688197
1.0
1.0
1.0
1.0
1.0
1.0323624595469256
1.0
1.0
1.0795454545454546
1.0
1.0
1.0
1.0
1.0
1.0
1.0323624595469256
1.0
1.0
1.0
1.0
1.0097087378640777
1.0
1.0
1.0
1.0
1.0975609756097562
1.0
1.0
0.9469387755102041
1.0
1.0
1.0
1.0323624595469256
1.0
1.0
1.0
1.0
1.3970588235294117
1.0
1.0
0.9919028340080972
1.0
1.016
1.0
0.9659367396593674
1.0
1.0
1.0
1.3970588235294117
1.0
1.0
1.0
1.016
1.0323624595469256
0.9672131147540983
1.0
1.0
1.0
1.0
1.3970588235294117
1.0
1.0
1.0
1.0
1.0
1.0
1.6901408450704225
1.0
1.0
1.0
1.0
1.0
1.0
1.2843137254901962
1.0
1.1904761904761905
1.0
1.0
1.0323624595469256
1.0
1.0
1.0
1.0
1.0
1.0756013745704467
1.0
1.0
1.0
1.0
1.0
1.0
1.0
1.0
1.25
1.0
0.9846743295019157
1.0
1.0
1.0
1.0
1.0095238095238095
1.0
1.0
1.0323624595469256
1.0
1.182456140350877
1.0
1.0
1.0
1.0
1.0
1.0
1.0
1.1229508196721312
1.0
1.0
1.0591715976331362
1.0
1.0
1.0
1.0
1.0
1.0
1.0
1.0
1.0
1.0
0.9919028340080972
1.0
1.0
1.0323624595469256
1.0
1.0
1.0
1.0
1.0
1.2564102564102564
1.0
1.1092436974789917
1.0
1.0175054704595186
1.0
1.0323624595469256
1.0
1.0
1.0
1.0
1.0
1.0
1.0
1.0
1.0
1.0323624595469256
1.0
1.0
1.0097087378640777
1.0
1.0
1.0
1.0178571428571428
0.9225352112676056
1.0588235294117647
1.0
1.0
1.0
1.0
1.0
1.0
1.0
1.0
1.0
1.0
1.0
1.0
1.0
1.0
1.0
1.0
1.0
1.0
1.0
0.9411764705882353
1.0
1.0341463414634147
1.0
0.8942307692307693
1.0
1.0
1.0
0.9764705882352941
1.0
1.0
1.0
1.141732283464567
1.0
1.0
1.0
1.0
1.0
1.0
1.0
1.0
1.0
0.575
0.7528089887640449
0.9469387755102041
1.0
1.0
1.0
1.0
1.0
1.0033783783783783
1.28
1.0
1.0
0.9349593495934959
1.0
1.0
1.0
1.1074766355140186
1.0
1.0
0.7764705882352941
1.0
1.1229508196721312
1.0
1.0
1.0
1.0
1.0
1.3333333333333333
0.6953846153846154
1.065934065934066
1.0
1.016
1.0
1.0323624595469256
1.182456140350877
1.0
1.0
1.0
1.0
1.0
1.0
1.076086956521739
1.0
0.9469387755102041
0.9265734265734266
1.0
1.0323624595469256
1.0
0.9349593495934959
1.0
1.0
1.0
1.0
1.0
1.3970588235294117
0.7272727272727273
1.0323624595469256
1.0
1.0
1.0
1.0
1.0
1.0
1.0
1.0
1.3970588235294117
1.0
1.0
0.9947643979057592
1.0334448160535117
1.0
1.0
1.0
1.0
1.0
1.0
1.0
1.0
1.0
1.0
1.0
1.0
1.0
1.0
1.0
1.0
1.0
1.0
1.0
1.0
1.0
1.0
0.9648648648648649
1.0
1.0
1.0
1.0
1.0323624595469256
1.0846153846153845
1.0
1.0
1.0
1.0
1.0
1.3396226415094339
3.0597014925373136
1.0
1.0
1.0
1.0056497175141244
1.0323624595469256
1.0
1.0
1.0
1.25
1.0
0.9846743295019157
1.0
1.0
0.9693877551020408
1.0
1.0
1.3015873015873016
1.0
1.0
1.0323624595469256
1.0
1.0846153846153845
1.0
1.0
1.0
1.0
1.0
1.0
1.0
1.1229508196721312
1.025229357798165
1.0
1.0
1.0
1.3970588235294117
1.0323624595469256
1.0
1.0
1.0
1.0
1.0
1.0
1.0
1.3970588235294117
1.0
1.0
1.016
1.0
0.6967741935483871
1.0
1.0766423357664234
1.0
1.0
1.0
1.0
1.0
1.0
1.0323624595469256
1.0846153846153845
1.0
1.0
1.0
1.0
1.3227848101265822
1.0
1.0877914951989025
1.0262295081967212
1.2115384615384615
1.0
1.0
1.0
1.0323624595469256
1.0
1.0
1.0
1.0
1.1229508196721312
1.0
1.1017964071856288
1.0
1.0
1.0
1.0
1.0
1.0
1.0
1.0
1.3461538461538463
1.0
1.0262295081967212
1.0
1.0
1.0
1.0323624595469256
1.0
1.0
1.0
1.0
1.1229508196721312
1.0
1.0
1.0
1.0
1.0323624595469256
1.0
1.182456140350877
1.0
1.0
1.0
1.0
3.0597014925373136
1.0
1.0
1.0
1.0
1.0
1.0323624595469256
1.0
1.0
1.0
1.0
1.118811881188119
1.0
1.0
1.0
1.0
1.0
1.0
1.0759493670886076
1.0
1.0
0.8925925925925926
2.252173913043478
1.0
1.0
1.0
1.0
1.0
1.0
1.0
1.0238095238095237
1.0
0.9469387755102041
1.0
1.3970588235294117
1.0767676767676768
1.0
1.0995475113122173
1.0
1.0323624595469256
1.0
0.9407407407407408
1.0871080139372822
1.0
1.0
1.0
1.0
0.6923076923076923
1.0
1.0
1.0
1.0
1.1229508196721312
1.530612244897959
1.0
1.0
1.076086956521739
1.0
1.0
1.0
1.0
1.0
1.0
1.0323624595469256
1.0
1.0
3.623931623931624
1.0
1.0
1.0
1.0
1.0
1.01763907734057
1.0
1.0323624595469256
0.7897727272727273
1.0
1.0
1.0
1.0100250626566416
0.8785714285714286
1.0
1.0
1.3333333333333333
1.0
1.0
1.1954022988505748
1.0151515151515151
1.0
1.0323624595469256
1.182456140350877
1.0
1.0
1.0
1.0
0.989769820971867
1.1376811594202898
0.7745664739884393
1.0
1.0
1.0
1.162079510703364
1.0512820512820513
1.0
1.3970588235294117
0.7272727272727273
1.0
1.016
1.0
1.0323624595469256
0.95578231292517
1.0
1.0
1.0
1.5217391304347827
1.0
