1.0
1.0
1.0
0.9763779527559056
1.0
1.0
1.0
1.0
1.0
1.0
1.0
1.0
1.0
0.8229166666666666
1.0
0.8789808917197452
1.0
1.0
1.0
1.0
1.0
1.0
1.0
1.0
1.0
1.0
1.0547945205479452
1.0
1.0
1.0
1.0
1.0
1.0
1.0
0.8775510204081632
1.0
1.0
1.0
1.0
1.0
1.0
1.0
1.0
1.0
1.0
1.0
1.0
1.0
0.8905109489051095
1.1515151515151516
1.0
1.0625
1.0
1.0
1.0
1.0
0.9690949227373068
1.0
1.0
1.0
1.0
1.0
1.0
1.0
0.9826086956521739
0.36363636363636365
1.0
1.0
1.0
0.7672413793103449
1.0
1.0
1.0
1.3801652892561984
1.0
1.0
0.5653710247349824
1.0
1.0
1.1458333333333333
1.0
1.0
1.0
0.8991935483870968
0.9288135593220339
0.8757961783439491
1.0
1.0
0.9821428571428571
1.0
1.0
1.0
1.0
0.9426229508196722
1.0
1.0
1.0
1.0
1.0
1.0
0.8905109489051095
0.5207100591715976
1.0
1.0
0.8877551020408163
1.0
1.0
1.0
1.0
0.9826086956521739
1.31496062992126
0.8037735849056604
0.9501779359430605
1.0
1.0
1.0
0.7272727272727273
1.0
0.9344262295081968
1.0
1.0
1.0
2.381818181818182
1.173913043478261
1.0
1.0
1.0
0.990521327014218
1.0
1.0
1.0
1.0
0.7961165048543689
1.0
1.0
1.0
0.8775510204081632
1.0
1.0
1.0
1.0
1.0
1.0
1.0
1.0
1.0
1.0
1.0
0.990521327014218
1.0
1.0
1.0
1.0
0.9516129032258065
1.0
1.0
1.0132325141776937
1.0
1.0
1.0
1.0
1.0
1.0
1.0
1.0
0.7777777777777778
1.0
1.0
1.1085271317829457
1.0
0.986013986013986
1.0
1.0
1.0
1.0
0.974025974025974
1.0
1.0
1.0
1.0
1.0
1.4736842105263157
1.0
1.0
1.0
0.9426229508196722
1.0
1.0
0.6293103448275862
1.0
1.0
1.0
1.0
1.0
1.0
1.0
1.0
1.0
0.7857142857142857
1.0
1.0
0.926829268292683
1.0
1.0
1.0
1.0
0.9565217391304348
1.0
0.7735849056603774
1.0
1.0
1.0
1.0
1.0
1.0
1.3285714285714285
0.9888059701492538
0.8412698412698413
0.923217550274223
1.0
1.0
1.0
1.0
1.0
1.0
1.0
1.0
1.0
1.0
1.0
0.9626168224299065
1.0
1.0
1.0
0.990521327014218
1.0
1.0
1.0
1.0
1.0407166123778502
1.0
1.0
1.0
1.0
1.0
1.0
1.3142857142857143
1.0
1.0
0.8982300884955752
0.7635135135135135
1.0625
1.0
1.0
0.5833333333333334
1.0
1.0
1.0
0.5833333333333334
0.5833333333333334
0.8287037037037037
1.0
0.8905109489051095
1.0
1.0
1.0
1.0
1.0
1.0
1.0
0.5833333333333334
0.984472049689441
1.0
0.8511904761904762
1.0
1.0
1.0
1.0
1.0
1.0
1.0
1.0
1.0
1.0
1.0
1.0
1.0
1.0
1.0
1.0
1.0
1.0
1.0
1.0
0.9595278246205734
0.9868204283360791
0.75
0.9791666666666666
0.9545454545454546
0.5833333333333334
1.0
1.0
1.0
1.0
1.0
1.0
1.0
1.0
1.0
1.0
0.6293103448275862
1.0
2.381818181818182
0.5833333333333334
1.0
1.0
1.0
1.458937198067633
0.8905109489051095
1.0
1.0
0.5833333333333334
0.9453125
1.0
1.0
0.8148148148148148
1.0
1.0
1.0
0.5833333333333334
1.0
1.0
1.0
0.5833333333333334
1.0
1.0
1.0625
0.7635135135135135
0.8982300884955752
1.0
1.0
1.0
1.0
1.0
1.0
1.0
0.5633802816901409
1.0
1.0
1.0
1.0
1.0
1.0625
0.7635135135135135
1.0
0.5833333333333334
1.0
1.0
1.0
1.0
1.0
0.5633802816901409
0.5833333333333334
1.0
1.0
1.0
1.458937198067633
0.8905109489051095
1.0
0.5833333333333334
0.9453125
1.0
1.0
0.8148148148148148
1.0
1.0
0.5833333333333334
1.0
1.0
1.0
1.0
1.0
1.0
1.0
1.0
1.0
1.0
1.0
1.0
1.0
1.0
1.0
1.0
1.0
1.0
0.91005291005291
1.0
1.0
1.0
1.0
1.0
1.0
1.0
1.0
1.0923076923076922
1.0872093023255813
1.0
1.0
0.9814814814814815
0.88
1.0
1.0
1.0
1.3142857142857143
1.0
1.0
1.0
1.0
0.990521327014218
1.0
1.0
0.8775510204081632
1.0
1.0
1.0
1.0
1.0
1.0
0.990521327014218
1.0
1.0
1.0
1.0
1.0
1.0
0.990521327014218
1.0
1.0
1.0
0.9595278246205734
1.0
1.0
1.0
1.0
0.5833333333333334
0.9545454545454546
0.9777777777777777
1.0
0.75
1.0
1.0
1.0
1.0
1.0
1.0
1.0
0.6293103448275862
1.0
1.0
2.381818181818182
0.990521327014218
1.0
1.0
0.9726027397260274
0.9859154929577465
1.0
1.0
1.0
0.8775510204081632
1.0547945205479452
1.0
0.96875
1.0
1.0
1.0
1.0
1.0
1.0
1.0
1.0
1.0
1.0
1.0
0.9936585365853658
1.0
1.0
1.0
1.0
1.0
1.0
0.9441860465116279
0.8775510204081632
1.0
1.0833333333333333
1.0
1.0
1.0
0.9569377990430622
1.0
0.9763779527559056
1.0
1.0
1.0
0.9615384615384616
0.9714285714285714
1.0
1.0
1.0
1.0
1.0
1.0
1.0
0.8189655172413793
1.0
1.0
1.0
1.0
1.0
1.0
1.0
1.0
1.0
1.0
1.0
1.0
1.0
1.0
1.0
1.0
1.0
1.0
1.248062015503876
1.0
1.0
1.0
1.0
1.0114942528735633
1.0
0.96875
1.0
1.0
0.9814814814814815
1.0
1.0
1.3142857142857143
1.0
1.0
1.0
0.8325991189427313
0.9826086956521739
1.0
1.0
1.0
1.0
1.0
1.0
1.0
1.0
0.8613861386138614
1.0
1.0
1.0
1.0
0.9354838709677419
1.0
0.874251497005988
0.861244019138756
1.0730337078651686
0.8412698412698413
1.0
1.0
1.0
1.0
1.0
1.0
1.0625
1.0
1.0
1.0
1.169811320754717
1.0
1.128
1.0
1.0
1.0
0.995049504950495
1.0
1.0
1.0578034682080926
1.0
1.0
0.8905109489051095
1.0
1.0
1.0
1.0
1.0
1.0
0.9722222222222222
1.0
1.0
2.381818181818182
0.5207100591715976
0.8905109489051095
1.0
1.0
1.0
1.0
1.0625
0.8554216867469879
1.0899122807017543
1.0
1.0
1.0
0.9538714991762768
2.381818181818182
1.0
0.44672131147540983
1.0
1.044871794871795
0.9423868312757202
0.753968253968254
1.0
0.7728937728937729
1.0
1.0
1.0
1.0
0.9598853868194842
1.0
1.0
0.8134920634920635
1.0
0.9191685912240185
1.0
1.3478260869565217
0.8921568627450981
1.0
1.0
1.0
0.9826086956521739
1.0033783783783783
1.0
1.0
1.0
1.0
0.9326923076923077
1.0
1.0
1.0
0.9956331877729258
1.0
1.0
1.0
0.9868204283360791
0.98989898989899
1.0
1.0
1.0
1.0
1.0
1.0369230769230768
1.0033783783783783
1.0
1.0
1.0
0.9690265486725663
0.9221556886227545
1.0
1.0
1.0
0.978021978021978
1.0
1.0
1.0
1.0
1.3703703703703705
1.0
1.0
1.0
1.0
1.0
0.9754901960784313
0.7768595041322314
1.0
1.0
0.8905109489051095
1.0
0.6868686868686869
1.0
1.0033783783783783
1.0
1.0
0.9327354260089686
1.0
1.0
1.0
1.0
1.0
1.0
1.0
2.381818181818182
1.0
1.173913043478261
1.0
1.0
1.0
1.0
1.0
1.0
0.9726027397260274
1.0
0.6868686868686869
1.173913043478261
1.0
0.8905109489051095
1.0
1.0
0.7768595041322314
1.0
1.0
1.2698412698412698
1.0
0.966824644549763
1.0
1.0
0.9731543624161074
1.0
0.9622641509433962
1.0
1.0239520958083832
1.2132701421800949
1.0
0.978021978021978
1.0
1.0
1.0
0.974910394265233
1.0
1.3703703703703705
1.0
1.0
1.0
1.0
1.0
1.0
1.0
1.0
1.0
1.2857142857142858
1.0
1.0
0.9826086956521739
1.0
1.0
1.0
1.0
1.0
1.0
1.0
1.0
1.0
1.0
0.7894736842105263
1.0
1.0
1.0
1.0
1.0
1.0
1.0
1.0
0.96875
1.0
1.0
1.3142857142857143
1.0
0.9814814814814815
1.0
1.0
