0.9615384615384616
0.9568345323741008
1.0
1.0
1.0
1.0211267605633803
1.0
1.0
1.0
1.0
1.0
1.0
1.0
0.9482758620689655
1.0
1.0205479452054795
1.0
1.0
1.0
1.0
1.0
1.0
1.0
1.0
1.0103092783505154
1.0
1.0
0.8805970149253731
1.0
1.0
1.0
0.831858407079646
1.0
1.0
1.0
1.0
1.0924369747899159
1.0
0.9069767441860465
1.0
1.0
1.0081632653061225
1.0
1.5875
1.0924369747899159
1.0
1.0
0.6628352490421456
1.0
1.0211267605633803
1.0
1.0
1.0
1.0
1.0
1.0
1.0
1.0
1.0
1.0
1.0
1.0
1.0
1.0
0.6861313868613139
1.0153846153846153
1.0
1.0
1.0
1.0
1.0
1.0
1.0153452685421995
1.0
1.0
1.0
1.0
1.0
1.0
1.0211267605633803
1.0
0.9916317991631799
1.0
1.0
1.0
0.975103734439834
1.0153846153846153
1.0
1.0
1.0
1.0
1.0
1.0
1.0
1.0980392156862746
1.0
0.9482758620689655
1.0
1.0
1.0
1.0
1.0
1.0
1.0
1.1696428571428572
1.0
1.023728813559322
1.0
1.1696428571428572
1.0
1.0
1.0
1.0
1.0
1.0
1.0
1.0
1.0
1.0
1.0
1.0
1.0
1.0
1.0078740157480315
1.0
1.0
1.0
1.0
1.0
1.0
0.7978723404255319
1.0
1.0
1.0
1.0
1.0
1.0
1.0
1.0
1.0
1.0
1.018181818181818
1.0475206611570247
1.0
1.0475206611570247
0.831858407079646
1.0
1.0
1.0
1.0158730158730158
1.0
1.0
1.0475206611570247
1.0
1.0
1.0
1.2183908045977012
1.0475206611570247
1.0
1.0475206611570247
0.975103734439834
1.0
1.0
1.0
1.0158730158730158
1.0
1.0
1.0
1.0
1.0
1.0
1.0
1.0
1.0
1.0
1.0
0.975103734439834
0.9263157894736842
1.0
1.0
0.989010989010989
1.0
1.0
1.0
1.0
1.0
1.0
1.0
1.0
1.0
1.0
1.0
1.0
1.0
1.0
1.0
1.0
1.0
1.0
1.0
0.8793103448275862
0.975103734439834
1.0
1.0
1.0
1.0
1.0
1.0
1.0
1.0
1.0
1.0
1.0
1.0
1.0
1.0
1.0
1.0
1.0
1.0
0.6628352490421456
1.0
1.0
1.0
1.0
1.0943396226415094
1.0
0.6628352490421456
1.0
1.0
1.0
1.0
0.975103734439834
1.0
1.0
1.0
1.0
0.831858407079646
1.1272727272727272
1.0
1.0
0.8773946360153256
0.831858407079646
1.0211267605633803
1.0
1.0
1.0
0.90625
1.0
1.0
0.9482758620689655
1.0
1.0
1.0
1.0
1.0211267605633803
1.0
1.0
1.0
1.0
1.27
1.0
1.0
1.0
0.831858407079646
0.9690721649484536
1.0
1.0
1.0
1.0
0.831858407079646
0.9690721649484536
1.0
1.0
1.0
1.0
0.8703703703703703
1.0
1.0211267605633803
1.0
1.0
1.0
1.0
1.0
1.0
1.0211267605633803
1.0
1.0
1.0063492063492063
1.1696428571428572
1.0
1.0
1.0
1.0
1.0
0.7956989247311828
1.0211267605633803
1.0
1.0
1.0
1.0
1.0
0.9482758620689655
1.0
1.0
1.0
1.0
1.0
0.9482758620689655
1.0
1.0
0.831858407079646
1.0
0.975103734439834
1.0
1.0
1.0
1.0
1.0
1.0
1.0
0.9482758620689655
1.0
1.0
0.9482758620689655
1.0
1.0
1.0
1.0
1.0211267605633803
1.0
1.0
1.0
1.0211267605633803
0.975103734439834
1.0
1.0
1.0
1.0
1.0
1.0
1.0211267605633803
1.0
1.0
1.0
1.0
1.0
1.0
0.975103734439834
1.0
1.0
1.0
1.0
1.0
0.9482758620689655
0.9136690647482014
1.0
1.0
1.0
1.0
1.0
1.0211267605633803
0.975103734439834
1.0
1.0
1.1696428571428572
1.0
1.0
1.0
1.0
1.0819672131147542
1.0849673202614378
1.0260869565217392
1.0208333333333333
1.0
1.05
1.0673076923076923
1.0
0.9482758620689655
1.1102941176470589
0.7956989247311828
1.0
1.0
1.0
0.8604651162790697
1.0
1.0
1.0
1.0
1.0208333333333333
1.0
1.0
1.0819672131147542
1.0849673202614378
1.0260869565217392
1.0208333333333333
1.0
1.05
1.0673076923076923
1.0
0.9482758620689655
1.1102941176470589
0.7956989247311828
1.0
1.0
1.0
0.8604651162790697
1.0
1.0
1.0
1.0
1.0208333333333333
1.0
0.8227848101265823
0.9385113268608414
1.0211267605633803
0.975103734439834
1.0
1.0
1.0
1.0
1.0
0.9482758620689655
1.0
1.0211267605633803
0.975103734439834
1.0
1.0
1.0
1.0
1.0
1.0205479452054795
0.975103734439834
1.0
1.0
1.0481927710843373
1.0
1.0
1.2352941176470589
1.0208333333333333
0.9482758620689655
0.9196787148594378
1.0
1.0
1.0
1.0
1.0
0.6691176470588235
1.0
0.7978723404255319
1.0211267605633803
0.975103734439834
1.0146750524109014
1.0
1.0
1.0
1.0
1.0
1.0
1.0
0.7978723404255319
1.0211267605633803
0.975103734439834
1.0146750524109014
1.0
1.0
1.0
1.0
1.0
0.8703703703703703
1.0
1.0
1.0
0.831858407079646
1.0
1.0
1.0481927710843373
1.0
1.0
0.9659442724458205
0.9482758620689655
1.0
1.0
1.0
1.0
0.8703703703703703
1.0
1.0
1.0
1.0
0.831858407079646
1.0
1.073446327683616
1.0
1.0
1.0
1.0
1.0
0.8429752066115702
1.0
1.0
1.0
1.0
1.036144578313253
0.975103734439834
1.0
1.0
1.0
1.0
0.975103734439834
1.0
1.0
1.0
0.975103734439834
1.0
1.0
1.0
1.0
1.0
1.0
1.0
1.1176470588235294
0.97165991902834
1.0
1.0
0.9512195121951219
1.0
1.0
1.0
0.831858407079646
1.0
1.0
1.0
1.0
1.302439024390244
1.0
1.0819672131147542
1.0849673202614378
1.0260869565217392
1.3170731707317074
1.05
1.0673076923076923
1.0
1.0
1.0
1.0
1.0
1.0081632653061225
1.0
1.3026315789473684
1.0
1.0
1.0
1.0
1.0
1.0
1.0
1.0
1.0
1.0153452685421995
1.0
1.0
0.975103734439834
1.0
1.1696428571428572
1.0
1.0
1.0
1.0205479452054795
1.0
1.0
1.0
1.1228070175438596
0.975103734439834
1.021186440677966
1.0
0.9482758620689655
0.6628352490421456
1.0
0.975103734439834
1.0
1.0
1.0
1.0
1.0
1.0
1.0
0.8712871287128713
1.0
1.0
1.0
0.9622641509433962
1.0
1.0
1.0
1.0
0.975103734439834
1.0
1.0
1.0
1.0
1.0
1.0
1.0
1.029585798816568
1.1235955056179776
1.0
1.0
1.0
0.8703703703703703
1.0211267605633803
0.975103734439834
1.0
1.0
1.0
1.0
1.0
1.0
1.0
1.0
1.0
1.0
1.0
1.0
1.0
1.0
1.0
1.0
0.8703703703703703
0.975103734439834
1.0
1.0
1.0
1.0
1.0
0.9482758620689655
1.0481927710843373
1.0
1.0
0.6628352490421456
1.0
1.0
1.0
1.0
1.0
0.9753846153846154
0.9690721649484536
1.0
1.0
