1.0
1.0
1.0
1.0
1.0
1.0
1.0
1.0241935483870968
1.0
1.0
1.0
1.0
1.2151898734177216
1.0
1.0
1.0
1.0
1.0
1.0
1.1376811594202898
1.0
1.0
1.0
1.0
1.0
0.948051948051948
1.0
1.0
1.0
1.0
1.0
1.0
1.0
1.0
1.0
1.0
1.0
1.1395348837209303
1.0
1.0
1.76875
1.0
1.0
1.0
1.0
1.0
1.0
1.0
0.7245508982035929
1.303370786516854
1.0176991150442478
1.0
1.0
1.0
0.8727272727272727
1.0
1.0
1.0
1.0
1.0
1.0
1.0
1.0
1.0
1.0
1.0
2.75
1.0
1.0
1.0
1.031890660592255
1.0
1.0
1.0
1.0
1.0
0.868421052631579
1.0
1.0
0.9411764705882353
1.0
1.1229508196721312
1.0
1.0
1.0
1.0
1.1418181818181818
1.0766423357664234
1.244131455399061
1.1121076233183858
1.0
1.0
1.0
1.0
1.0
1.0
1.0
1.0
1.0608695652173914
1.0
1.0176991150442478
1.0
1.0
1.0
1.0
0.8518518518518519
1.0
1.018181818181818
0.4198473282442748
1.0
1.0
1.0
1.0
1.375
1.1264367816091954
1.0
1.0524344569288389
1.9204545454545454
1.0701754385964912
1.0
1.0
0.7604790419161677
1.0
1.1229508196721312
1.0
1.0
1.0
1.0
1.0
1.0
1.0095693779904307
1.0
1.2560975609756098
1.0
1.0
1.0
1.0
1.0
1.1395348837209303
1.0
1.0
1.0
1.0
1.0
1.0
1.0
1.0
1.0
1.0
1.0
1.0
1.0
1.0095693779904307
1.0508474576271187
1.0
1.0
1.0
1.2592592592592593
0.9869402985074627
1.0
1.0
1.0
1.0
1.0141843971631206
1.0
1.0
1.0
1.2857142857142858
1.0
1.0
1.0
0.9020979020979021
1.0
1.0
1.0
0.6785714285714286
1.0
1.0
1.0
1.0
1.0
1.0
1.0
1.0
1.0266666666666666
1.0
1.0
1.0
1.0
1.0
1.0
1.0
1.0
1.0
1.0
1.0789473684210527
1.0
1.0608695652173914
1.0
1.0
1.2926829268292683
1.0454545454545454
1.0
1.0
1.0
1.0
1.5890410958904109
1.0
1.0
1.0
1.0
1.0
1.2727272727272727
1.0
1.0831683168316832
1.0
1.0
1.0
1.0
1.0
1.0
1.1886792452830188
1.0
0.7526881720430108
1.0
1.0
1.0
1.0113207547169811
1.0
1.0
1.0
1.0
1.0388349514563107
1.0
0.9608763693270735
1.0
1.0
1.0095693779904307
1.0
1.0
1.0
1.0
0.7608695652173914
1.0
1.0
1.0
1.0
1.0
1.0
1.0
1.0157728706624605
1.0
1.0
1.0
1.7142857142857142
1.7142857142857142
1.7142857142857142
1.0
1.0
1.0
1.0
1.0
1.1748251748251748
1.0
1.0
1.0
1.0
1.2067039106145252
1.0
1.0
1.1133004926108374
1.0
1.7142857142857142
0.9411764705882353
1.0
1.3097345132743363
1.0
1.1229508196721312
1.0
1.0
1.0
1.0
1.0
1.0
1.0
1.0
1.0
1.0
1.0
1.0
1.0
1.0
1.0
1.0
1.0
1.013355592654424
1.0421792618629173
1.0
1.0
1.0
1.0
1.7142857142857142
1.0
1.0476190476190477
1.0
1.0
1.0
1.0
0.4198473282442748
1.0
1.5890410958904109
1.0212765957446808
1.0
1.3333333333333333
1.0
1.0
1.0
1.0
1.0
1.0
1.0
1.7142857142857142
1.0
1.0
1.775
1.0
1.2272727272727273
1.0
1.0
1.0578512396694215
1.0
1.0
1.0
1.0
1.0
1.0
1.0
1.0
1.0
1.1133004926108374
1.0
1.7142857142857142
1.0
1.0
1.0
1.7142857142857142
0.9411764705882353
1.0
1.7142857142857142
1.3097345132743363
0.6854304635761589
1.1229508196721312
1.0
1.0
1.0
1.0
1.0
1.0
1.0
1.7142857142857142
1.0
1.0
1.775
1.0
1.2272727272727273
1.0
1.0
1.0578512396694215
1.0
1.0
1.0
1.0
1.0
1.0
1.0
1.7142857142857142
1.0
1.0
1.7142857142857142
0.9411764705882353
1.7142857142857142
1.3097345132743363
0.6854304635761589
1.1229508196721312
1.0
1.0
1.0
1.0
1.0
0.9154929577464789
1.0
1.0
1.0
1.0
1.0
1.0
1.0
1.0
1.0
1.0
1.0
1.0
1.0
1.0
1.0988372093023255
0.9197860962566845
1.0
1.0188679245283019
1.0
0.7608695652173914
1.0
1.0
1.0
1.0
1.0
1.0
1.0
1.1363636363636365
1.0
1.0
1.0
1.0
1.0
1.0095693779904307
1.1395348837209303
1.0
1.0
1.0
1.0
1.0095693779904307
1.0
1.0
1.0
1.0
1.0
1.0
1.0095693779904307
1.0
1.0
1.0
1.0
1.0421792618629173
1.0
1.0
1.0
1.0
1.7142857142857142
1.0
1.0476190476190477
1.0
1.0
1.0
1.0
0.4198473282442748
1.0
1.0
1.5890410958904109
1.0227272727272727
1.0
1.0
0.864218141346689
1.3333333333333333
1.0142857142857142
1.0
1.028169014084507
1.0
1.0
1.0
1.0095693779904307
1.1395348837209303
1.0
1.032258064516129
1.0
1.0
0.948051948051948
1.0
1.0
1.0
1.0
1.0
1.0
1.0
1.0
1.0
1.0
1.0
1.0063819342169857
1.0
1.0
1.0
1.0
1.0
1.0
1.0
1.0
1.0
1.0
1.0
1.0241935483870968
1.0
1.0
1.0
1.0
1.0
1.045
1.0
1.0
0.9230769230769231
1.0
1.04
1.0294117647058822
1.0591133004926108
1.1395348837209303
1.0
1.0
1.0
1.0
1.0
1.0
1.0
0.9886363636363636
1.0
1.0
1.0
1.0
1.0
1.0
1.2210526315789474
0.8012422360248447
1.0
1.0
1.0
1.0
1.0
1.0
1.0
1.0
1.0
1.0
1.032258064516129
1.0188679245283019
1.0
0.7608695652173914
1.0
1.0
1.0
1.0
1.0
1.0
1.0285714285714285
1.0
1.0
1.0
1.0
1.0
1.0
1.0
1.0049751243781095
1.0
1.0
1.0
0.9453551912568307
1.0
1.0
1.0
1.1886792452830188
1.0
1.0176991150442478
1.0
1.0
1.0
1.0
1.0
1.0
1.0
1.0
1.0
1.2592592592592593
0.4198473282442748
1.0
1.0
1.0
1.0
1.0
1.160919540229885
1.0
1.0
1.0
0.8548387096774194
1.0
1.0
1.0
1.2010582010582012
0.8865248226950354
1.0689655172413792
1.0
1.1611111111111112
1.0
1.0
0.9411764705882353
1.0
1.143835616438356
0.9319371727748691
1.0
1.1229508196721312
1.0483592400690847
1.0879396984924623
1.0
1.0
1.0
2.238532110091743
1.120879120879121
1.0
0.9570552147239264
1.0
1.3263157894736841
1.0
1.0
1.0
1.0
1.0
0.7419354838709677
0.4198473282442748
1.0
1.0
1.0
1.0
1.0417910447761194
1.1690140845070423
1.2292682926829268
1.9204545454545454
1.0
0.9175050301810865
1.0
1.0
1.0
1.0
1.2938388625592416
0.9411764705882353
1.0
1.1229508196721312
1.0611353711790392
1.0
1.0
1.013355592654424
1.0
1.0844155844155845
1.0
0.9643916913946587
0.9966329966329966
1.0
1.0
1.0043859649122806
1.010204081632653
1.0
1.0
1.0
1.0
1.0
1.0
1.0
1.0
1.0176991150442478
1.0
1.0
1.0
1.0
1.0
1.0
0.8518518518518519
1.0
0.4198473282442748
1.0
0.9966329966329966
1.0
1.0721153846153846
1.0
1.0
1.0
1.0
1.4558823529411764
0.7297297297297297
1.0319634703196348
1.0
1.0
1.0
1.0721649484536082
1.0
1.0
1.0
1.0
1.0
1.0
1.0
1.0
1.0
0.9966329966329966
1.0
1.0251256281407035
1.2872340425531914
1.0224719101123596
1.0
1.0
1.0
1.0
1.1229508196721312
1.0
1.0
1.0
1.0
1.0
0.7875
1.0
1.0
0.9766081871345029
1.0
1.0275862068965518
1.0
1.0
1.0
1.0
1.0176991150442478
1.0
1.0
1.0
1.0
1.0
0.8518518518518519
1.0
1.0
1.0
1.028169014084507
1.0343137254901962
1.0
1.0
1.0
1.4558823529411764
0.7297297297297297
1.025735294117647
1.0
0.7777777777777778
0.82421875
1.0
1.0
1.0
1.0
1.0
1.0
1.0
1.0
1.0
1.0
1.0392156862745099
1.2872340425531914
1.0224719101123596
1.0
1.0
1.0
1.1229508196721312
1.0
1.0
1.0
1.2666666666666666
1.0
1.0
1.0
1.0
1.0
1.0
1.0
1.0
1.0
1.0
1.0
1.032258064516129
1.0188679245283019
1.0
0.7608695652173914
1.0
1.0
1.0
1.0
1.0
